v 0.044873 0.494075 0.089621
v 0.039472 0.481383 0.099601
v 0.050010 0.476076 0.090993
v 0.055676 0.484918 0.079920
v 0.046877 0.468057 0.099181
v 0.036872 0.470523 0.105554
v 0.056919 0.468319 0.082194
v 0.061893 0.473659 0.070580
v 0.063596 0.431172 0.078257
v 0.067568 0.425082 0.069474
v 0.066741 0.437519 0.068549
v 0.061817 0.440386 0.077278
v 0.062532 0.404813 0.079611
v 0.056530 0.397515 0.089308
v 0.058891 0.386826 0.081086
v 0.063811 0.393853 0.070054
v 0.024088 0.415284 0.109952
v 0.029386 0.408621 0.110003
v 0.033463 0.415158 0.107946
v 0.027434 0.421013 0.107773
v 0.015119 0.426183 0.114103
v 0.016306 0.430954 0.109969
v 0.011473 0.435666 0.114322
v 0.011123 0.430395 0.119640
v 0.018641 0.410009 0.111010
v 0.024309 0.403008 0.110881
v 0.019528 0.421186 0.110416
v 0.017467 0.417161 0.113353
v 0.014452 0.412989 0.124751
v 0.015993 0.417525 0.122554
v 0.012759 0.419728 0.128964
v 0.011528 0.414188 0.129282
v 0.017314 0.410507 0.115679
v 0.017725 0.414012 0.117921
v 0.015321 0.410641 0.120835
v 0.013892 0.407853 0.118154
v 0.014450 0.422128 0.117840
v 0.011501 0.425445 0.124376
v 0.007656 0.428035 0.130974
v 0.008508 0.420568 0.135796
v 0.040034 0.394149 0.105997
v 0.035131 0.401601 0.108851
v 0.029975 0.396794 0.110196
v 0.034631 0.390751 0.108322
v 0.014967 0.404288 0.115318
v 0.018404 0.388459 0.118247
v 0.018813 0.392425 0.117751
v 0.012833 0.394004 0.121523
v 0.013076 0.390198 0.121901
v 0.045188 0.378360 0.099208
v 0.039351 0.377888 0.104199
v 0.039681 0.370685 0.102665
v 0.045218 0.369490 0.096659
v 0.037442 0.364609 0.102655
v 0.043603 0.361024 0.095070
v 0.033895 0.347064 0.097978
v 0.039142 0.353200 0.096149
v 0.033470 0.359167 0.104176
v 0.028284 0.354521 0.108083
v 0.016439 0.360541 0.115997
v 0.010646 0.359700 0.119020
v 0.015177 0.347175 0.118518
v 0.021763 0.350133 0.113992
v 0.017711 0.381801 0.114854
v 0.021543 0.381308 0.112138
v 0.021988 0.383300 0.114111
v 0.018022 0.384884 0.117238
v 0.025379 0.380714 0.110181
v 0.027087 0.380381 0.109531
v 0.026879 0.381971 0.110624
v 0.025293 0.381486 0.110707
v 0.023359 0.381152 0.111234
v 0.022156 0.379317 0.111856
v 0.024387 0.379965 0.110656
v 0.018693 0.378948 0.114767
v 0.006481 0.378221 0.123218
v 0.010209 0.378364 0.121775
v 0.008783 0.382640 0.120192
v 0.005627 0.382799 0.121263
v 0.025239 0.384010 0.112068
v 0.027716 0.385700 0.111582
v 0.024121 0.389064 0.114335
v 0.022788 0.386081 0.114357
v 0.030568 0.387695 0.110715
v 0.029207 0.382971 0.109798
v 0.032440 0.383705 0.108721
v 0.026323 0.378599 0.109580
v 0.029150 0.376715 0.108269
v 0.029860 0.379632 0.108997
v 0.027012 0.373675 0.109195
v 0.023879 0.376916 0.110878
v 0.020479 0.375548 0.113903
v 0.016081 0.374485 0.117791
v 0.018473 0.369303 0.115320
v 0.023333 0.371153 0.111813
v 0.026189 0.392788 0.112755
v 0.033976 0.378740 0.107064
v 0.037377 0.384983 0.105993
v 0.033743 0.373803 0.106414
v 0.031599 0.369322 0.106841
v 0.027579 0.365616 0.108872
v 0.022229 0.362716 0.112382
v 0.017409 0.337044 0.108178
v 0.025587 0.341376 0.103845
v 0.034615 0.462719 0.104473
v 0.043261 0.461182 0.101457
v 0.043534 0.452895 0.097994
v 0.045411 0.455030 0.097485
v 0.040287 0.457168 0.100549
v 0.039497 0.454352 0.100245
v 0.056272 0.443164 0.082987
v 0.051641 0.445675 0.087582
v 0.051978 0.441804 0.086766
v 0.057877 0.436621 0.083395
v 0.044808 0.435438 0.095399
v 0.048961 0.436174 0.091829
v 0.045275 0.443099 0.093544
v 0.042305 0.442627 0.096232
v 0.038677 0.442505 0.098438
v 0.034544 0.442921 0.099878
v 0.034891 0.437384 0.100030
v 0.039879 0.436086 0.098261
v 0.033680 0.458481 0.101979
v 0.026319 0.457935 0.101964
v 0.027776 0.454779 0.101325
v 0.033956 0.455262 0.101730
v 0.017581 0.447691 0.097665
v 0.018736 0.450297 0.098257
v 0.015287 0.451902 0.099373
v 0.014451 0.447442 0.099188
v 0.016818 0.444359 0.099671
v 0.018885 0.446035 0.098274
v 0.036277 0.515444 0.084442
v 0.031384 0.500203 0.097338
v 0.050917 0.506738 0.074641
v 0.061130 0.493855 0.065755
v 0.067489 0.478699 0.057970
v 0.052171 0.381520 0.091285
v 0.053094 0.371622 0.086347
v 0.060297 0.376793 0.073305
v 0.058321 0.366065 0.069641
v 0.051084 0.360956 0.084156
v 0.037423 0.342601 0.084205
v 0.046012 0.350582 0.083474
v 0.053383 0.355486 0.065668
v 0.060388 0.365315 0.048101
v 0.063708 0.373796 0.054711
v 0.063608 0.378868 0.033693
v 0.055475 0.356576 0.038305
v 0.060721 0.376589 0.025399
v 0.040909 0.322525 0.045551
v 0.043384 0.310592 0.042211
v 0.053772 0.315901 0.028390
v 0.052529 0.327512 0.031968
v 0.065131 0.383311 0.061234
v 0.067995 0.447359 0.059156
v 0.064094 0.448852 0.070343
v 0.070281 0.433698 0.057876
v 0.070836 0.503768 0.031076
v 0.066165 0.500806 0.049473
v 0.072762 0.483975 0.044795
v 0.076462 0.487977 0.028713
v 0.043691 0.539295 0.035309
v 0.041606 0.529879 0.062591
v 0.054709 0.517609 0.056264
v 0.058313 0.524677 0.033830
v 0.078396 0.487863 0.013938
v 0.078961 0.485686 -0.004005
v 0.074088 0.500419 -0.012960
v 0.072731 0.505167 0.009120
v 0.062431 0.519044 -0.022538
v 0.061112 0.525199 0.004674
v 0.059089 0.361865 0.017231
v 0.060311 0.380171 0.012307
v 0.051387 0.341117 0.036382
v 0.058013 0.345924 0.019119
v 0.044626 0.533161 -0.029123
v 0.043654 0.541342 0.002562
v 0.066653 0.456846 -0.048526
v 0.069649 0.475129 -0.042621
v 0.076425 0.464876 -0.025607
v 0.073618 0.449598 -0.032931
v 0.056079 0.464124 -0.064914
v 0.058435 0.485784 -0.058616
v 0.053974 0.402450 -0.040214
v 0.047378 0.386301 -0.031833
v 0.038516 0.386642 -0.043618
v 0.044448 0.402659 -0.054938
v 0.053566 0.463148 0.091795
v 0.049381 0.458086 0.096604
v 0.052825 0.454147 0.091098
v 0.057281 0.456927 0.084961
v 0.061044 0.459129 0.075090
v 0.065120 0.461240 0.063320
v 0.074611 0.469090 0.039289
v 0.078485 0.474264 0.025650
v 0.080671 0.472429 0.000300
v 0.080264 0.474260 0.014281
v 0.078339 0.453361 -0.015996
v 0.075970 0.443762 -0.020444
v 0.059330 0.388484 -0.004198
v 0.056183 0.367056 -0.000385
v 0.049727 0.368990 -0.014239
v 0.053571 0.387633 -0.019071
v 0.033797 0.370188 -0.035417
v 0.041745 0.369823 -0.025405
v 0.054833 0.334467 0.000886
v 0.055356 0.320909 -0.002959
v 0.050575 0.323444 -0.018021
v 0.048860 0.336271 -0.013580
v 0.043446 0.323159 -0.030632
v 0.033497 0.322218 -0.039389
v 0.032243 0.337022 -0.035352
v 0.040725 0.337350 -0.026183
v 0.020830 0.303097 0.059087
v 0.022052 0.293205 0.055494
v 0.033693 0.296222 0.049067
v 0.031028 0.306618 0.051904
v 0.057929 0.309906 -0.008291
v 0.054184 0.313723 -0.023880
v 0.060654 0.402784 -0.025556
v 0.064546 0.405717 -0.013911
v 0.047426 0.312857 -0.036882
v 0.040567 0.352636 -0.023711
v 0.048494 0.351076 -0.012631
v 0.023351 0.371025 -0.043630
v 0.027190 0.386788 -0.053932
v 0.021690 0.426084 0.107826
v 0.024867 0.440693 0.100689
v 0.025500 0.444447 0.099977
v 0.021620 0.445286 0.099193
v 0.020439 0.442306 0.100194
v 0.013895 0.482902 0.109779
v 0.012109 0.466043 0.111288
v 0.025169 0.469914 0.109995
v 0.027042 0.483552 0.106331
v 0.051860 0.410810 0.097344
v 0.042845 0.417321 0.103305
v 0.039855 0.408404 0.106647
v 0.045830 0.400495 0.102589
v 0.048835 0.447300 0.090563
v 0.050458 0.449389 0.090335
v 0.047916 0.449278 0.092846
v 0.042907 0.386755 0.102836
v 0.049658 0.391087 0.097126
v 0.070015 0.418756 0.058228
v 0.059602 0.449402 0.079609
v 0.022292 0.550139 0.038141
v 0.021846 0.538394 0.069206
v 0.023607 0.544506 -0.031774
v 0.022726 0.551728 0.002296
v 0.042681 0.494484 -0.071296
v 0.040489 0.470388 -0.078289
v 0.021639 0.475233 -0.087295
v 0.022641 0.502418 -0.078586
v 0.031710 0.403223 -0.065867
v 0.023446 0.321806 -0.044653
v 0.021898 0.338078 -0.041873
v 0.020194 0.519998 0.089754
v 0.016893 0.500971 0.102535
v 0.070157 0.464123 0.050812
v 0.062837 0.422502 0.082183
v 0.058094 0.430501 0.086671
v 0.055646 0.426608 0.091503
v 0.059824 0.415972 0.087824
v 0.065675 0.413258 0.073614
v 0.067373 0.404551 0.061633
v 0.068954 0.395841 0.047583
v 0.066337 0.384895 0.040288
v 0.077733 0.478603 -0.018685
v 0.071400 0.491066 -0.032883
v 0.061093 0.505053 -0.044945
v 0.044495 0.516759 -0.054890
v 0.079415 0.468306 -0.012315
v 0.023533 0.526846 -0.059856
v 0.012188 0.398513 0.120235
v 0.019235 0.398031 0.115406
v 0.010501 0.402776 0.119690
v 0.011504 0.373646 0.120821
v 0.007258 0.373261 0.122494
v 0.008218 0.367589 0.119505
v 0.013158 0.368152 0.118007
v 0.017759 0.332220 0.092699
v 0.027220 0.336501 0.088252
v 0.019858 0.312733 0.064195
v 0.029451 0.316687 0.056376
v 0.010344 0.411700 0.123397
v 0.008736 0.412026 0.123759
v 0.008511 0.410968 0.121614
v 0.010547 0.410853 0.121253
v 0.023854 0.382454 0.112163
v 0.008248 0.390458 0.124110
v 0.005115 0.390215 0.124760
v 0.005334 0.386527 0.123282
v 0.008490 0.386637 0.122639
v 0.042978 0.343458 0.062195
v 0.040163 0.333938 0.051227
v 0.057388 0.317418 0.013950
v 0.057330 0.331050 0.017143
v 0.055289 0.349694 0.001818
v 0.031756 0.354472 -0.034081
v 0.022695 0.354512 -0.041606
v -0.001539 0.356856 -0.047747
v -0.002126 0.371941 -0.051916
v 0.011432 0.371353 -0.049888
v 0.010335 0.355874 -0.045674
v 0.028933 0.332742 0.072966
v 0.018679 0.328196 0.079020
v 0.019341 0.322026 0.069998
v 0.028917 0.326428 0.062602
v 0.005000 0.408785 0.124913
v 0.003666 0.407822 0.126553
v 0.004099 0.405482 0.123816
v 0.005901 0.407607 0.122928
v 0.011372 0.408812 0.119540
v 0.009096 0.407800 0.119701
v 0.009524 0.405803 0.119656
v 0.011860 0.411572 0.124030
v 0.012275 0.410129 0.121342
v 0.007221 0.412508 0.128806
v 0.010029 0.412319 0.127128
v 0.007321 0.412833 0.133799
v 0.006538 0.409900 0.123389
v 0.007041 0.408618 0.121753
v 0.010255 0.409810 0.119993
v 0.008583 0.409524 0.120182
v 0.007439 0.412440 0.126694
v 0.009245 0.412212 0.125382
v 0.007112 0.434084 0.125235
v 0.001219 0.435242 0.127831
v 0.001168 0.428685 0.133687
v 0.001179 0.420941 0.138971
v 0.001226 0.412642 0.136909
v 0.010821 0.319320 0.073610
v 0.011349 0.310181 0.068108
v 0.000864 0.500335 0.103827
v 0.000845 0.481430 0.110020
v 0.024602 0.381080 0.110577
v 0.025475 0.462079 0.104672
v 0.049642 0.425195 0.097109
v 0.028964 0.426933 0.104698
v 0.035428 0.422514 0.104592
v 0.035420 0.430170 0.101773
v 0.029451 0.433081 0.102338
v 0.016375 0.459129 0.104922
v 0.007548 0.455555 0.110251
v 0.011182 0.453586 0.103776
v 0.010686 0.447044 0.103858
v 0.007846 0.446543 0.112201
v 0.012116 0.439548 0.108583
v 0.013778 0.441872 0.102803
v 0.046182 0.451139 0.095373
v 0.048446 0.452484 0.093790
v 0.017312 0.434894 0.105844
v 0.022894 0.430878 0.104702
v 0.023787 0.435768 0.102072
v 0.018538 0.438461 0.102183
v 0.042104 0.427236 0.100264
v 0.054758 0.449409 0.086052
v 0.051295 0.438405 0.088544
v 0.068048 0.411136 -0.005439
v 0.064398 0.400196 0.001447
v 0.070430 0.391017 0.021539
v 0.067955 0.387029 0.024620
v 0.063202 0.389430 0.019895
v 0.068364 0.393364 0.017128
v 0.079445 0.443379 0.001745
v 0.079159 0.450279 -0.001993
v 0.079620 0.451488 0.005254
v 0.078790 0.443971 0.004531
v 0.078568 0.447378 0.010880
v 0.078671 0.450850 0.013181
v 0.077883 0.442720 0.014668
v 0.077939 0.442858 0.011203
v 0.080018 0.461543 0.013826
v 0.077914 0.459684 0.023831
v 0.076673 0.447911 0.020898
v 0.071947 0.445969 0.044388
v 0.072561 0.434588 0.031927
v 0.074100 0.442571 0.026959
v 0.074597 0.454435 0.033559
v 0.068901 0.391846 0.028843
v 0.069199 0.399476 0.032326
v 0.062311 0.393031 0.011239
v -0.000702 0.481902 -0.087815
v -0.000571 0.510215 -0.077209
v 0.063537 0.438318 -0.049613
v 0.052963 0.442591 -0.065232
v 0.070518 0.434096 -0.034557
v 0.073307 0.431483 -0.021290
v 0.039629 0.447609 -0.078363
v 0.022531 0.448711 -0.086427
v 0.072479 0.428490 0.045461
v 0.071455 0.422403 0.033595
v 0.059756 0.419627 -0.046863
v 0.049012 0.422306 -0.062078
v 0.066389 0.417805 -0.032147
v 0.069743 0.418845 -0.019288
v 0.035069 0.426029 -0.074636
v 0.015970 0.401991 -0.072256
v 0.018279 0.423800 -0.081567
v 0.072630 0.401838 0.020844
v 0.070996 0.400288 0.025314
v 0.070800 0.394058 0.024261
v 0.073843 0.396049 0.022413
v 0.071181 0.412926 0.045465
v 0.070863 0.410462 0.033104
v 0.007487 0.440039 0.119492
v 0.001173 0.448562 0.116606
v 0.001258 0.441777 0.122286
v 0.001024 0.456422 0.112720
v -0.000112 0.555518 0.006299
v 0.000041 0.552947 0.040328
v -0.000387 0.533953 -0.056813
v -0.000212 0.549893 -0.027774
v 0.005777 0.359474 0.120689
v 0.008303 0.345837 0.120953
v 0.007306 0.398516 0.122873
v 0.004300 0.397846 0.123516
v 0.004768 0.393939 0.124410
v 0.007896 0.394465 0.123765
v 0.019678 0.455703 0.100598
v 0.013346 0.386988 -0.060130
v 0.010250 0.339125 -0.045438
v 0.011384 0.322684 -0.047484
v 0.037115 0.310895 -0.045884
v 0.025195 0.309165 -0.051029
v 0.003927 0.401727 0.123206
v 0.006633 0.402307 0.122184
v 0.006656 0.411751 0.125284
v 0.013021 0.386178 0.120706
v 0.006480 0.405252 0.121848
v 0.007166 0.407357 0.121441
v 0.002093 0.404893 0.124527
v 0.002348 0.401363 0.123379
v 0.029816 0.439057 0.100884
v 0.030031 0.443646 0.100346
v 0.004541 0.409688 0.130157
v 0.005288 0.410702 0.127533
v 0.001190 0.408813 0.130870
v 0.045954 0.299723 0.038877
v 0.055263 0.303590 0.024406
v 0.002991 0.390027 0.124848
v 0.003115 0.386263 0.123516
v 0.000001 0.540662 0.071702
v -0.001795 0.400962 -0.072681
v -0.000906 0.420622 -0.082104
v 0.072996 0.427298 0.024396
v 0.074692 0.423197 0.019347
v 0.076099 0.430023 0.016965
v 0.074580 0.434742 0.021896
v 0.012029 0.300751 0.063213
v 0.058728 0.306389 0.008095
v 0.012449 0.309138 -0.053902
v 0.048598 0.445549 0.090142
v 0.047338 0.444129 0.091278
v 0.022375 0.453043 0.099676
v -0.000707 0.449697 -0.089057
v 0.014505 0.378542 0.118758
v 0.012938 0.382395 0.118055
v -0.001299 0.340827 -0.046622
v 0.010309 0.325649 0.082108
v 0.002165 0.407288 0.127409
v -0.001879 0.386148 -0.061571
v 0.078520 0.436277 0.008621
v 0.080125 0.434795 0.011795
v 0.079560 0.431655 0.011526
v 0.077908 0.432439 0.010012
v 0.080994 0.438209 0.016179
v 0.082067 0.434855 0.014107
v 0.083768 0.437582 0.013093
v 0.082400 0.441393 0.014339
v 0.076709 0.439949 0.018482
v 0.078760 0.434551 0.017063
v 0.084739 0.439483 0.011310
v 0.084640 0.442346 0.012426
v 0.081974 0.443947 0.011170
v 0.078562 0.443764 0.007913
v 0.087036 0.443139 0.009005
v 0.083405 0.445247 0.006927
v 0.089765 0.442428 0.004155
v 0.085174 0.444968 0.001731
v 0.091111 0.439075 -0.001064
v 0.085620 0.440971 -0.003442
v 0.071900 0.407932 0.025359
v 0.072261 0.408418 0.018541
v 0.091648 0.433660 -0.004153
v 0.085291 0.434442 -0.005878
v 0.090967 0.426618 -0.005617
v 0.084907 0.427123 -0.007054
v 0.089181 0.419399 -0.004927
v 0.084147 0.419393 -0.006410
v 0.087593 0.412318 -0.002904
v 0.082641 0.411217 -0.004184
v 0.085312 0.405591 0.001229
v 0.080145 0.402296 0.000246
v 0.086431 0.440405 0.003140
v 0.087569 0.437156 -0.000519
v 0.077521 0.439500 0.000275
v 0.085305 0.441231 0.007747
v 0.077632 0.426668 0.004507
v 0.076020 0.428921 0.004487
v 0.076993 0.427065 0.005542
v 0.075710 0.425745 0.003007
v 0.073698 0.415567 0.019572
v 0.074958 0.415484 0.015797
v 0.075394 0.421118 0.015802
v 0.073378 0.411367 0.015405
v 0.072507 0.412770 0.014171
v 0.072203 0.416314 0.014339
v 0.071635 0.420901 0.014001
v 0.073008 0.411186 0.012524
v 0.074155 0.409424 0.013275
v 0.071826 0.412467 0.011916
v 0.071446 0.413354 0.012912
v 0.070463 0.415545 0.011934
v 0.071150 0.418810 0.009544
v 0.072401 0.417645 0.025432
v 0.072605 0.414530 0.001071
v 0.069633 0.406021 0.005045
v 0.082135 0.400885 0.006989
v 0.078545 0.395026 0.007043
v 0.076454 0.392742 0.019907
v 0.077943 0.390982 0.014119
v 0.076183 0.434208 -0.001621
v 0.075953 0.428088 -0.002934
v 0.067968 0.399482 0.011577
v 0.075107 0.421568 -0.002327
v 0.083604 0.409784 0.002292
v 0.080478 0.406555 0.006187
v 0.086037 0.414470 -0.000878
v 0.075036 0.406047 0.015015
v 0.076340 0.400049 0.017386
v 0.079517 0.399369 0.012669
v 0.077411 0.405364 0.010550
v 0.082303 0.413033 0.004287
v 0.078570 0.410714 0.006694
v 0.079140 0.415951 0.004188
v 0.075713 0.413809 0.006344
v 0.073804 0.411865 0.009575
v 0.075621 0.409427 0.009930
v 0.071885 0.416071 0.005831
v 0.075486 0.419333 0.003779
v 0.071472 0.413531 0.009545
v 0.081940 0.418756 0.003536
v 0.084277 0.422408 0.002879
v 0.082037 0.425041 0.004967
v 0.078945 0.422133 0.003723
v 0.086701 0.420301 -0.002950
v 0.086584 0.420916 0.000410
v 0.084797 0.416524 0.001939
v 0.087340 0.426277 -0.000600
v 0.087447 0.426803 -0.003598
v 0.085557 0.426386 0.001791
v 0.084065 0.427486 0.003876
v 0.086829 0.435103 0.001524
v 0.087334 0.431225 -0.000056
v 0.088100 0.432777 -0.002818
v 0.086179 0.430066 0.002310
v 0.085500 0.433132 0.003350
v 0.084083 0.431393 0.004476
v 0.084846 0.429713 0.003335
v 0.082634 0.439136 0.009863
v 0.081344 0.437474 0.011375
v 0.083890 0.439135 0.007164
v 0.081684 0.439396 0.007890
v 0.082473 0.436953 0.007086
v 0.080264 0.438435 0.008202
v 0.081479 0.434944 0.007701
v 0.079453 0.432431 0.007774
v 0.023951 0.281862 0.052885
v 0.013025 0.278877 0.056139
v 0.082923 0.433046 0.006395
v 0.084047 0.435306 0.005146
v 0.085398 0.437972 0.003998
v 0.080468 0.428856 0.005797
v 0.081897 0.427817 0.005524
v 0.082895 0.429311 0.005326
v 0.081370 0.430811 0.006465
v 0.075571 0.425281 0.014754
v 0.073761 0.423680 0.011428
v 0.074144 0.421126 0.007588
v 0.040713 0.302051 -0.053382
v 0.027466 0.299388 -0.058659
v 0.013611 0.298135 -0.061526
v -0.001209 0.297994 -0.062153
v -0.001082 0.308948 -0.055228
v 0.058030 0.292701 0.020363
v 0.062643 0.296112 0.004055
v 0.051425 0.278766 0.031498
v 0.060036 0.305596 -0.029732
v 0.063379 0.301320 -0.012750
v 0.048668 0.289243 0.034571
v 0.036662 0.285127 0.046273
v 0.012476 0.290037 0.059167
v 0.077736 0.445862 -0.007293
v 0.075780 0.439025 -0.010019
v 0.080018 0.458870 -0.007172
v 0.077999 0.430034 0.006435
v 0.075930 0.423668 0.002400
v 0.080066 0.426670 0.005194
v 0.077968 0.432005 0.008552
v 0.077630 0.431032 0.008189
v 0.080809 0.461434 0.003381
v 0.073558 0.430849 -0.010503
v 0.071413 0.421569 -0.009076
v 0.078827 0.447907 0.008391
v 0.004028 0.373130 0.123073
v 0.004457 0.367475 0.120373
v 0.002641 0.397365 0.123523
v 0.002819 0.393672 0.124371
v 0.039057 0.452641 0.099101
v 0.042402 0.451559 0.097070
v 0.043774 0.445762 0.094330
v 0.041232 0.445474 0.096211
v 0.038021 0.445441 0.097962
v 0.034175 0.445649 0.099061
v 0.028755 0.453015 0.100210
v 0.034237 0.453386 0.100324
v 0.019195 0.447578 0.097299
v 0.021042 0.449005 0.097361
v 0.019956 0.446659 0.097665
v 0.026035 0.446275 0.098910
v 0.022325 0.446673 0.097901
v 0.046271 0.449060 0.093129
v 0.047084 0.447911 0.091902
v 0.044662 0.450319 0.095048
v 0.030035 0.445926 0.099365
v 0.046816 0.446891 0.091650
v 0.045635 0.446194 0.092545
v 0.024184 0.451513 0.098746
v 0.038317 0.447685 0.097956
v 0.034353 0.447934 0.099210
v 0.029622 0.450696 0.100003
v 0.034474 0.450707 0.099744
v 0.026339 0.448033 0.099154
v 0.023878 0.447870 0.098359
v 0.041318 0.447410 0.096265
v 0.030119 0.448128 0.099623
v 0.038770 0.450205 0.098256
v 0.023376 0.448877 0.098318
v 0.025568 0.449934 0.099231
v 0.046268 0.447818 0.092438
v 0.046093 0.447410 0.092349
v 0.041798 0.449536 0.096436
v 0.045100 0.447288 0.093206
v 0.043489 0.447348 0.094575
v 0.043869 0.448860 0.094722
v 0.045393 0.448265 0.093307
v 0.009863 0.330092 0.095004
v 0.009411 0.335290 0.110138
v 0.003644 0.378056 0.123654
v 0.003266 0.382524 0.121643
v 0.003417 0.317943 0.074255
v 0.003611 0.309178 0.069318
v 0.001313 0.359617 0.121054
v 0.001578 0.345374 0.121226
v 0.001119 0.404771 0.124540
v 0.001090 0.401178 0.123278
v 0.001274 0.389974 0.124782
v 0.001349 0.386053 0.123506
v 0.003789 0.298903 0.064553
v 0.003145 0.324797 0.082239
v 0.003778 0.287903 0.060423
v 0.001393 0.373125 0.123142
v 0.001321 0.367493 0.120494
v 0.001157 0.397214 0.123359
v 0.001218 0.393627 0.124075
v 0.001918 0.334840 0.110536
v 0.002432 0.329361 0.095172
v 0.000217 0.520942 0.092340
v -0.001187 0.323814 -0.048722
v 0.000860 0.466914 0.112289
v 0.001336 0.382327 0.121591
v 0.001198 0.407138 0.127334
v 0.079753 0.432175 0.014323
v 0.077385 0.430395 0.012943
v 0.076745 0.427047 0.011939
v 0.076013 0.425193 0.008263
v 0.075582 0.423274 0.005161
v 0.074974 0.422516 0.002791
v 0.078242 0.427752 0.009398
v 0.076462 0.430430 0.006333
v 0.077499 0.430620 0.009287
v 0.078739 0.429571 0.010896
v 0.001365 0.377964 0.123827
v -0.043162 0.492608 0.087724
v -0.053893 0.483496 0.078778
v -0.048439 0.475014 0.089514
v -0.037369 0.480252 0.097525
v -0.044560 0.467310 0.097074
v -0.034509 0.469848 0.103282
v -0.060547 0.472007 0.070129
v -0.055627 0.467303 0.081277
v -0.061508 0.430769 0.077065
v -0.059616 0.440001 0.076141
v -0.065085 0.436791 0.067888
v -0.065704 0.424382 0.068413
v -0.060478 0.404164 0.078532
v -0.061928 0.393877 0.068834
v -0.056947 0.386884 0.080097
v -0.054559 0.397302 0.088006
v -0.022529 0.415250 0.108978
v -0.025655 0.420937 0.106622
v -0.031601 0.415103 0.106612
v -0.027752 0.408593 0.108882
v -0.013404 0.426253 0.113156
v -0.009146 0.430437 0.118785
v -0.009585 0.435418 0.113318
v -0.014569 0.430810 0.108981
v -0.017273 0.409979 0.110515
v -0.022659 0.403025 0.109885
v -0.016120 0.417239 0.112916
v -0.017955 0.421169 0.109647
v -0.012457 0.413107 0.124170
v -0.009428 0.414284 0.128737
v -0.010463 0.419871 0.128293
v -0.013856 0.417707 0.122015
v -0.015930 0.410628 0.115168
v -0.012281 0.407884 0.117584
v -0.013594 0.410804 0.120233
v -0.015902 0.414276 0.117500
v -0.012834 0.422068 0.117414
v -0.009459 0.425481 0.123836
v -0.005226 0.427746 0.130290
v -0.005939 0.420551 0.134993
v -0.038121 0.394368 0.104674
v -0.032873 0.391070 0.107498
v -0.028221 0.396966 0.109225
v -0.033294 0.401625 0.107518
v -0.013317 0.404323 0.114717
v -0.016250 0.388514 0.118227
v -0.010663 0.390178 0.121787
v -0.010599 0.394180 0.121157
v -0.016777 0.392598 0.117457
v -0.043360 0.378558 0.097866
v -0.043350 0.369732 0.095345
v -0.037112 0.371003 0.101584
v -0.037338 0.378075 0.103081
v -0.034636 0.364666 0.101653
v -0.040894 0.360959 0.094338
v -0.030662 0.346279 0.098616
v -0.025482 0.354190 0.107770
v -0.030545 0.359109 0.103551
v -0.036372 0.353138 0.095637
v -0.013864 0.360731 0.115521
v -0.019327 0.349927 0.113583
v -0.012432 0.347022 0.118566
v -0.008082 0.359793 0.118553
v -0.015395 0.381952 0.114923
v -0.015692 0.385014 0.117201
v -0.019771 0.383612 0.113924
v -0.019323 0.381466 0.112263
v -0.023384 0.380880 0.109695
v -0.023310 0.381649 0.110391
v -0.024926 0.382278 0.110179
v -0.025121 0.380623 0.108971
v -0.021516 0.381173 0.110856
v -0.022363 0.379990 0.110194
v -0.020216 0.379296 0.111764
v -0.016822 0.378884 0.114843
v -0.003855 0.378031 0.122921
v -0.002912 0.382555 0.121083
v -0.006147 0.382456 0.119924
v -0.007708 0.378222 0.121549
v -0.023414 0.384138 0.111890
v -0.020780 0.386203 0.114465
v -0.022135 0.389382 0.114140
v -0.025712 0.386054 0.111427
v -0.028711 0.388329 0.110108
v -0.030952 0.383870 0.107959
v -0.027441 0.383134 0.109438
v -0.024139 0.378728 0.108929
v -0.027881 0.379922 0.107937
v -0.026943 0.376839 0.107225
v -0.024772 0.373860 0.108520
v -0.021937 0.377038 0.110611
v -0.018661 0.375688 0.113867
v -0.021330 0.371371 0.111495
v -0.016414 0.369521 0.115081
v -0.014108 0.374455 0.117863
v -0.024367 0.393072 0.112302
v -0.031983 0.378962 0.106058
v -0.035712 0.384993 0.105212
v -0.031397 0.373979 0.105109
v -0.029044 0.369516 0.105832
v -0.019992 0.362786 0.111856
v -0.025270 0.365676 0.108278
v -0.022934 0.340473 0.104116
v -0.014163 0.336634 0.108386
v -0.040726 0.460866 0.098843
v -0.032245 0.462249 0.102248
v -0.041042 0.452766 0.095893
v -0.037349 0.453982 0.098138
v -0.037984 0.456753 0.098252
v -0.042675 0.454954 0.095021
v -0.053844 0.442998 0.081487
v -0.055614 0.436339 0.082056
v -0.049738 0.441552 0.085402
v -0.049126 0.445605 0.086007
v -0.042572 0.434847 0.094011
v -0.040100 0.441980 0.094896
v -0.043119 0.442566 0.092225
v -0.046762 0.435743 0.090562
v -0.036404 0.441801 0.097034
v -0.037705 0.435272 0.096729
v -0.032771 0.436630 0.098612
v -0.032265 0.442235 0.098349
v -0.031297 0.457789 0.099888
v -0.031849 0.454759 0.099629
v -0.025632 0.454309 0.099264
v -0.024077 0.457494 0.099831
v -0.015784 0.447122 0.096386
v -0.012853 0.446975 0.098224
v -0.013355 0.451228 0.098169
v -0.016640 0.449649 0.096677
v -0.017147 0.445400 0.097192
v -0.015233 0.443875 0.098689
v -0.034605 0.514336 0.082712
v -0.048981 0.504931 0.073387
v -0.029616 0.498858 0.095845
v -0.059530 0.492228 0.064646
v -0.066170 0.477108 0.057235
v -0.058081 0.376760 0.073121
v -0.051095 0.371667 0.085546
v -0.050238 0.381588 0.089980
v -0.056004 0.365679 0.069040
v -0.048589 0.360842 0.083417
v -0.034138 0.341685 0.083804
v -0.043046 0.350251 0.082728
v -0.061940 0.373080 0.052786
v -0.058566 0.364312 0.046857
v -0.050483 0.354510 0.064916
v -0.063265 0.377124 0.031941
v -0.060669 0.373693 0.023963
v -0.053257 0.354927 0.037744
v -0.036937 0.319213 0.046407
v -0.049414 0.323834 0.033438
v -0.050618 0.311371 0.030093
v -0.038797 0.306934 0.043729
v -0.063226 0.383311 0.059391
v -0.067254 0.446431 0.058703
v -0.069058 0.432674 0.056846
v -0.062571 0.448121 0.069822
v -0.069795 0.504801 0.029205
v -0.075277 0.487494 0.027320
v -0.071240 0.483014 0.043149
v -0.065238 0.499992 0.048245
v -0.041811 0.539180 0.034577
v -0.057632 0.524059 0.031932
v -0.053854 0.516426 0.055002
v -0.039086 0.529083 0.061187
v -0.077911 0.487980 0.011389
v -0.072001 0.505706 0.007619
v -0.073487 0.500276 -0.013702
v -0.078879 0.485325 -0.005224
v -0.060023 0.524739 0.004036
v -0.061854 0.518548 -0.022560
v -0.061204 0.376597 0.011658
v -0.058555 0.358309 0.016998
v -0.056685 0.342461 0.019321
v -0.048835 0.338453 0.036488
v -0.044424 0.532263 -0.028772
v -0.042811 0.540020 0.002243
v -0.066581 0.456007 -0.047802
v -0.072924 0.448339 -0.033129
v -0.076415 0.464069 -0.025962
v -0.069907 0.474603 -0.042260
v -0.056477 0.463563 -0.063289
v -0.059366 0.485351 -0.057577
v -0.054392 0.401665 -0.040313
v -0.045906 0.402383 -0.054120
v -0.040223 0.386378 -0.043545
v -0.047634 0.386064 -0.031217
v -0.051492 0.462491 0.090278
v -0.055141 0.456238 0.083744
v -0.050062 0.454000 0.089239
v -0.046564 0.457976 0.094154
v -0.064398 0.459867 0.063223
v -0.059879 0.458105 0.074421
v -0.073175 0.467524 0.038128
v -0.076944 0.472175 0.024932
v -0.080136 0.471842 -0.000902
v -0.079388 0.473278 0.012540
v -0.075580 0.441823 -0.021584
v -0.077702 0.452149 -0.016860
v -0.061977 0.384563 -0.004000
v -0.054831 0.384855 -0.018884
v -0.051605 0.366358 -0.013860
v -0.058561 0.363212 -0.000103
v -0.036821 0.369747 -0.035357
v -0.043654 0.368775 -0.025087
v -0.055723 0.331187 0.000843
v -0.049944 0.333996 -0.013539
v -0.051374 0.321023 -0.016575
v -0.055410 0.317949 -0.001930
v -0.044521 0.321660 -0.029306
v -0.042266 0.335875 -0.025549
v -0.034263 0.335942 -0.035157
v -0.035198 0.321131 -0.038397
v -0.014346 0.301279 0.059715
v -0.025565 0.303923 0.052884
v -0.027958 0.293117 0.050142
v -0.015487 0.291170 0.056239
v -0.057213 0.306622 -0.006314
v -0.054859 0.310959 -0.021772
v -0.060445 0.401282 -0.026059
v -0.065996 0.402313 -0.014757
v -0.048156 0.311252 -0.035027
v -0.049842 0.348621 -0.012538
v -0.042207 0.350957 -0.023724
v -0.027409 0.370034 -0.043895
v -0.030450 0.386115 -0.052991
v -0.019947 0.425973 0.106764
v -0.022908 0.440182 0.099528
v -0.018721 0.441801 0.099203
v -0.019780 0.444699 0.098103
v -0.023484 0.443870 0.098748
v -0.011858 0.482081 0.108932
v -0.024964 0.482534 0.104482
v -0.022802 0.469375 0.108116
v -0.010070 0.465647 0.110221
v -0.049835 0.410538 0.096093
v -0.043966 0.400461 0.101156
v -0.037934 0.408354 0.105168
v -0.040767 0.417166 0.101884
v -0.046208 0.447219 0.088919
v -0.045207 0.449215 0.091053
v -0.047655 0.449317 0.088551
v -0.041301 0.386928 0.101347
v -0.047823 0.391041 0.095568
v -0.068332 0.417767 0.056811
v -0.057235 0.448867 0.078366
v -0.021574 0.549707 0.037611
v -0.020547 0.537750 0.067722
v -0.022334 0.550949 0.002201
v -0.023433 0.542990 -0.031232
v -0.043489 0.494086 -0.069367
v -0.023759 0.502242 -0.076831
v -0.022187 0.474745 -0.084788
v -0.041473 0.469728 -0.076118
v -0.033527 0.403595 -0.064873
v -0.024462 0.337414 -0.041884
v -0.025167 0.321136 -0.043973
v -0.018633 0.519715 0.088914
v -0.014730 0.500475 0.101052
v -0.068819 0.462512 0.050224
v -0.060948 0.422281 0.080756
v -0.057562 0.415388 0.086683
v -0.053255 0.426414 0.090200
v -0.055836 0.430480 0.085316
v -0.063955 0.412971 0.071900
v -0.065674 0.403778 0.059692
v -0.067263 0.395002 0.045453
v -0.065773 0.383455 0.038328
v -0.071776 0.490915 -0.032612
v -0.077641 0.478104 -0.019218
v -0.044993 0.516251 -0.053629
v -0.061459 0.504827 -0.044293
v -0.079194 0.467742 -0.013146
v -0.024373 0.526450 -0.058895
v -0.010229 0.398596 0.119832
v -0.008629 0.402814 0.119118
v -0.017462 0.398184 0.114851
v -0.009230 0.373561 0.120679
v -0.010944 0.368261 0.117698
v -0.005772 0.367671 0.119189
v -0.004689 0.373181 0.122168
v -0.013496 0.331249 0.093044
v -0.023492 0.335296 0.088493
v -0.013613 0.311388 0.064554
v -0.024263 0.314298 0.056995
v -0.008432 0.411596 0.122882
v -0.008797 0.410786 0.120798
v -0.006806 0.411072 0.121274
v -0.006857 0.411949 0.123281
v -0.022066 0.382602 0.111715
v -0.005773 0.390414 0.123824
v -0.005908 0.386515 0.122396
v -0.002731 0.386288 0.123126
v -0.002617 0.390060 0.124495
v -0.039824 0.341491 0.062015
v -0.036655 0.331276 0.051443
v -0.055706 0.314429 0.014501
v -0.055927 0.327640 0.017618
v -0.056635 0.346058 0.001688
v -0.035422 0.352288 -0.034123
v -0.025425 0.353816 -0.041262
v -0.014159 0.354967 -0.046211
v -0.015952 0.370758 -0.049872
v -0.024441 0.331284 0.073269
v -0.024165 0.324070 0.063051
v -0.013573 0.320695 0.070228
v -0.013354 0.327138 0.079406
v -0.002817 0.408887 0.124638
v -0.003785 0.407655 0.122566
v -0.001871 0.405462 0.123527
v -0.001368 0.407851 0.126271
v -0.009672 0.408758 0.119186
v -0.007680 0.405791 0.119190
v -0.007323 0.407829 0.119233
v -0.010510 0.410093 0.120831
v -0.009919 0.411554 0.123501
v -0.005112 0.412429 0.128263
v -0.004818 0.413098 0.133246
v -0.008037 0.412336 0.126523
v -0.004640 0.410159 0.123075
v -0.004979 0.408844 0.121274
v -0.006876 0.409601 0.119672
v -0.008582 0.409799 0.119611
v -0.005448 0.412321 0.126124
v -0.007261 0.412153 0.124785
v -0.004665 0.433668 0.124510
v -0.004325 0.309570 0.068294
v -0.004416 0.318801 0.073621
v -0.022683 0.381201 0.110156
v -0.022985 0.461666 0.103524
v -0.047462 0.424866 0.095691
v -0.027214 0.426799 0.103700
v -0.027612 0.432635 0.101248
v -0.033534 0.429625 0.100329
v -0.033432 0.422322 0.103256
v -0.014250 0.458636 0.103567
v -0.009420 0.453057 0.102638
v -0.005470 0.455045 0.108834
v -0.009091 0.446582 0.102781
v -0.012308 0.441524 0.101827
v -0.010513 0.439263 0.107547
v -0.005736 0.446023 0.111114
v -0.045658 0.452403 0.091728
v -0.043568 0.451045 0.093443
v -0.015639 0.434612 0.104860
v -0.016892 0.438090 0.101271
v -0.021975 0.435398 0.101266
v -0.021186 0.430636 0.103801
v -0.040102 0.426727 0.098741
v -0.051982 0.449156 0.084475
v -0.049102 0.437998 0.087267
v -0.065689 0.397484 0.000153
v -0.069406 0.408335 -0.007136
v -0.068402 0.390104 0.019882
v -0.067413 0.392123 0.015767
v -0.062656 0.386763 0.018092
v -0.065607 0.386027 0.022789
v -0.078716 0.442022 -0.000560
v -0.078186 0.442539 0.003460
v -0.078638 0.449326 0.004029
v -0.078671 0.448356 -0.003649
v -0.078256 0.445110 0.010150
v -0.077640 0.441275 0.010450
v -0.077345 0.440838 0.013899
v -0.078016 0.448281 0.012354
v -0.076227 0.445740 0.019933
v -0.076843 0.457678 0.023042
v -0.078911 0.459777 0.012562
v -0.071164 0.444018 0.043475
v -0.073593 0.452596 0.032846
v -0.073719 0.440463 0.026095
v -0.072248 0.432086 0.031065
v -0.068479 0.397534 0.030806
v -0.067722 0.389851 0.027426
v -0.063192 0.390229 0.009851
v -0.053364 0.441857 -0.064032
v -0.063428 0.437118 -0.049283
v -0.069463 0.432681 -0.035054
v -0.072905 0.429431 -0.022615
v -0.040508 0.447048 -0.076783
v -0.023694 0.448186 -0.084418
v -0.071288 0.426871 0.044180
v -0.070940 0.420594 0.032563
v -0.059238 0.418679 -0.046683
v -0.049677 0.421469 -0.061049
v -0.065132 0.416629 -0.032489
v -0.069700 0.416526 -0.020392
v -0.036835 0.425988 -0.073175
v -0.019723 0.424128 -0.079885
v -0.018421 0.403321 -0.070653
v -0.072659 0.398963 0.020122
v -0.073400 0.393337 0.021179
v -0.070411 0.392058 0.022747
v -0.070531 0.397824 0.024291
v -0.069962 0.408819 0.031785
v -0.069518 0.411623 0.043805
v -0.005051 0.439624 0.118580
v -0.005232 0.345838 0.120832
v -0.003156 0.359700 0.120426
v -0.005149 0.398475 0.122476
v -0.005628 0.394369 0.123390
v -0.002427 0.393746 0.124077
v -0.002070 0.397673 0.123266
v -0.017481 0.455195 0.098836
v -0.017350 0.386663 -0.059767
v -0.013317 0.338907 -0.045505
v -0.013645 0.322452 -0.047256
v -0.038386 0.309459 -0.044439
v -0.026933 0.308124 -0.050091
v -0.001726 0.401677 0.122907
v -0.004552 0.402257 0.121848
v -0.004826 0.411685 0.124894
v -0.010542 0.386115 0.120535
v -0.005120 0.407430 0.120965
v -0.004418 0.405241 0.121434
v 0.000145 0.404878 0.124414
v -0.000120 0.401299 0.123287
v -0.027727 0.438439 0.099525
v -0.027805 0.442998 0.098864
v -0.003310 0.410713 0.127098
v -0.002188 0.409865 0.129776
v -0.041298 0.295850 0.040391
v -0.052199 0.299372 0.026078
v -0.000500 0.386167 0.123381
v -0.000498 0.389879 0.124714
v -0.072375 0.424904 0.023014
v -0.074035 0.432249 0.020824
v -0.075334 0.427218 0.015735
v -0.073582 0.420904 0.017573
v -0.004811 0.299957 0.063566
v -0.056607 0.302682 0.009698
v -0.014673 0.308499 -0.053300
v -0.045245 0.443732 0.090009
v -0.046201 0.445342 0.088621
v -0.020240 0.452595 0.097687
v -0.012302 0.378482 0.118785
v -0.010554 0.382315 0.117986
v -0.004562 0.325221 0.082188
v 0.000200 0.407280 0.127284
v -0.076161 0.434554 0.007092
v -0.075721 0.430820 0.008011
v -0.078254 0.429993 0.010002
v -0.078489 0.433327 0.010468
v -0.079852 0.436888 0.015197
v -0.081239 0.440247 0.013411
v -0.082324 0.436630 0.011938
v -0.080800 0.433711 0.012770
v -0.076366 0.437835 0.017807
v -0.077646 0.432873 0.015853
v -0.083634 0.441565 0.011561
v -0.083255 0.438780 0.010330
v -0.078097 0.442220 0.007636
v -0.080905 0.442941 0.010292
v -0.082194 0.444491 0.005719
v -0.086189 0.442551 0.007679
v -0.084197 0.444042 -0.000498
v -0.088856 0.441719 0.002338
v -0.084588 0.440043 -0.005875
v -0.089827 0.438423 -0.003303
v -0.071002 0.405948 0.024132
v -0.070436 0.406322 0.017417
v -0.084418 0.433826 -0.008596
v -0.090112 0.433100 -0.006583
v -0.083814 0.426160 -0.010338
v -0.089345 0.425913 -0.008137
v -0.082903 0.417654 -0.009600
v -0.087687 0.418375 -0.007563
v -0.081571 0.409897 -0.006602
v -0.086129 0.411283 -0.004760
v -0.079492 0.400779 -0.001856
v -0.084115 0.404562 0.000075
v -0.085819 0.436575 -0.002404
v -0.084842 0.439652 0.001428
v -0.077466 0.438173 -0.002484
v -0.083847 0.440394 0.006406
v -0.074959 0.424960 0.001259
v -0.073962 0.422936 0.001755
v -0.076213 0.423994 0.004943
v -0.074417 0.426067 0.003178
v -0.074334 0.418737 0.014019
v -0.074097 0.413298 0.014212
v -0.073129 0.413439 0.018212
v -0.072162 0.409279 0.013813
v -0.071238 0.413837 0.012495
v -0.071397 0.410539 0.012355
v -0.070566 0.417899 0.011937
v -0.071814 0.409014 0.010825
v -0.072857 0.407345 0.012026
v -0.070755 0.410000 0.010160
v -0.070350 0.410959 0.011023
v -0.069511 0.412833 0.010070
v -0.069676 0.415816 0.007668
v -0.072083 0.415673 0.023947
v -0.069973 0.403960 0.003009
v -0.073212 0.411996 -0.001536
v -0.081225 0.399517 0.006040
v -0.077908 0.393757 0.005847
v -0.075450 0.390305 0.018960
v -0.076941 0.389926 0.013272
v -0.076480 0.432921 -0.003805
v -0.076189 0.426292 -0.005309
v -0.068120 0.397938 0.010359
v -0.075203 0.419468 -0.004563
v -0.082206 0.408364 0.001138
v -0.079581 0.404946 0.005515
v -0.084687 0.413228 -0.002446
v -0.073989 0.404034 0.014249
v -0.077069 0.403583 0.010136
v -0.078880 0.397914 0.012078
v -0.076073 0.398014 0.016894
v -0.077393 0.408620 0.005859
v -0.080691 0.411304 0.003057
v -0.074002 0.410784 0.004779
v -0.077082 0.413495 0.002396
v -0.072604 0.409242 0.008135
v -0.074656 0.407172 0.008996
v -0.070257 0.412690 0.004145
v -0.073170 0.416534 0.001325
v -0.070324 0.410722 0.007965
v -0.080046 0.416805 0.001584
v -0.076891 0.419800 0.001183
v -0.080307 0.423219 0.002693
v -0.082548 0.420704 0.001446
v -0.083230 0.414986 0.000428
v -0.085168 0.419429 -0.001301
v -0.085267 0.419138 -0.004878
v -0.085722 0.424932 -0.002305
v -0.085783 0.425745 -0.005592
v -0.083899 0.424738 0.000480
v -0.082345 0.425738 0.002812
v -0.086284 0.431999 -0.004788
v -0.085566 0.430215 -0.001808
v -0.084993 0.434281 -0.000146
v -0.084446 0.428718 0.000820
v -0.083700 0.431858 0.002097
v -0.083179 0.428047 0.002395
v -0.082361 0.429781 0.003666
v -0.080740 0.437895 0.008754
v -0.079556 0.436077 0.010250
v -0.082176 0.438049 0.005903
v -0.080734 0.435518 0.005994
v -0.079824 0.437040 0.007228
v -0.078413 0.435936 0.007577
v -0.079741 0.433253 0.006635
v -0.077717 0.431121 0.005550
v -0.005747 0.277945 0.056580
v -0.017238 0.279721 0.053722
v -0.082242 0.433999 0.003997
v -0.081199 0.431405 0.005463
v -0.083579 0.436894 0.002510
v -0.078985 0.427277 0.003426
v -0.079882 0.429150 0.004789
v -0.081253 0.427542 0.004156
v -0.080301 0.426042 0.003557
v -0.074033 0.422758 0.012810
v -0.072035 0.421049 0.009417
v -0.072048 0.418488 0.005458
v -0.042116 0.300634 -0.051898
v -0.029334 0.298483 -0.057495
v -0.015689 0.297539 -0.060792
v -0.060464 0.292498 0.005801
v -0.054850 0.288788 0.021897
v -0.047059 0.275410 0.033056
v -0.060455 0.303356 -0.027406
v -0.062663 0.298247 -0.010535
v -0.044346 0.285315 0.035967
v -0.030740 0.281926 0.047439
v -0.005246 0.289075 0.059641
v -0.077685 0.443931 -0.008882
v -0.076166 0.436677 -0.011826
v -0.079518 0.457656 -0.008363
v -0.075718 0.429022 0.003287
v -0.073543 0.421250 0.000265
v -0.078333 0.424963 0.002306
v -0.075221 0.430089 0.005077
v -0.075339 0.431205 0.005509
v -0.079862 0.459887 0.002005
v -0.074111 0.428090 -0.012431
v -0.072137 0.418938 -0.010951
v -0.078297 0.445728 0.007713
v -0.001826 0.367508 0.120174
v -0.001361 0.373075 0.122906
v -0.000446 0.393574 0.124236
v -0.000336 0.397280 0.123448
v -0.039997 0.451259 0.095200
v -0.036891 0.452272 0.097076
v -0.039010 0.444961 0.094756
v -0.041577 0.445303 0.092973
v -0.031909 0.445061 0.097501
v -0.035974 0.444725 0.096597
v -0.032168 0.452939 0.098376
v -0.026701 0.452548 0.098207
v -0.018986 0.448374 0.095723
v -0.017321 0.446944 0.095822
v -0.018131 0.446024 0.096319
v -0.020365 0.446026 0.096465
v -0.024014 0.445681 0.097438
v -0.044509 0.447770 0.090249
v -0.043671 0.448975 0.091392
v -0.042124 0.450166 0.093203
v -0.027899 0.445375 0.097894
v -0.043421 0.445906 0.091216
v -0.044410 0.446693 0.090186
v -0.022181 0.451019 0.096876
v -0.032222 0.447437 0.097653
v -0.036184 0.447231 0.096531
v -0.032455 0.450291 0.098035
v -0.027647 0.450230 0.098201
v -0.021942 0.447300 0.096867
v -0.024431 0.447475 0.097583
v -0.039178 0.447032 0.094817
v -0.028103 0.447630 0.098027
v -0.036694 0.449782 0.096745
v -0.023673 0.449413 0.097549
v -0.021408 0.448360 0.096686
v -0.043758 0.447599 0.090895
v -0.043727 0.447152 0.090890
v -0.039547 0.449157 0.094912
v -0.042836 0.447030 0.091796
v -0.041307 0.447003 0.093171
v -0.041558 0.448600 0.093144
v -0.042968 0.448051 0.091755
v -0.005106 0.329665 0.095236
v -0.005735 0.335136 0.110332
v -0.000950 0.377928 0.123570
v -0.000612 0.382346 0.121523
v -0.078717 0.430497 0.013028
v -0.076712 0.427546 0.011973
v -0.075606 0.424396 0.010194
v -0.074936 0.422178 0.007134
v -0.074238 0.420379 0.003979
v -0.072836 0.419905 0.000943
v -0.077261 0.425378 0.007553
v -0.074790 0.428053 0.004646
v -0.075400 0.429225 0.006672
v -0.077750 0.427627 0.009172
