v 0.124349 -0.368213 -0.075569
v 0.092150 -0.367148 -0.084855
v 0.179715 -0.396520 0.056766
v 0.177028 -0.433474 0.054012
v 0.180673 -0.426242 0.014955
v 0.186548 -0.389343 0.015335
v 0.148112 -0.419016 -0.046011
v 0.117275 -0.416197 -0.061848
v 0.121432 -0.390230 -0.067981
v 0.153079 -0.388906 -0.051048
v 0.051962 -0.371774 -0.071331
v 0.020515 -0.357173 -0.067626
v 0.161413 -0.401259 0.094631
v 0.160229 -0.438951 0.090990
v 0.132175 -0.443551 0.119075
v 0.134072 -0.407967 0.121760
v 0.100990 -0.410212 0.132474
v 0.098311 -0.442397 0.128989
v 0.008154 -0.368784 0.086694
v 0.024460 -0.355011 0.110981
v 0.080605 -0.406370 -0.068327
v 0.083632 -0.439668 -0.061296
v 0.048389 -0.431806 -0.055689
v 0.038315 -0.389791 -0.059308
v 0.143625 -0.450022 -0.042376
v 0.171173 -0.420691 -0.020382
v 0.164038 -0.454078 -0.019162
v 0.172154 -0.467909 0.052322
v 0.174802 -0.460842 0.014418
v 0.128202 -0.477019 0.115509
v 0.094567 -0.474355 0.123680
v 0.014733 -0.434096 0.087131
v 0.014168 -0.458132 0.076859
v 0.034046 -0.463860 0.098928
v 0.036038 -0.437623 0.107692
v 0.070870 -0.312412 0.128485
v 0.099705 -0.292932 0.121841
v 0.009903 -0.398492 -0.030761
v 0.019022 -0.431702 -0.035876
v 0.004000 -0.437749 -0.006971
v 0.000581 -0.410693 0.001319
v 0.177146 -0.386193 -0.022879
v 0.123393 -0.507960 0.109864
v 0.090225 -0.505749 0.116401
v 0.085076 -0.535480 0.108415
v 0.117641 -0.537322 0.103362
v 0.006085 -0.479796 0.040355
v 0.010403 -0.509309 0.030010
v 0.017167 -0.513675 0.055273
v 0.015073 -0.485235 0.065826
v 0.014623 -0.539052 0.022083
v 0.017120 -0.567940 0.014156
v 0.020086 -0.573611 0.037662
v 0.019500 -0.544196 0.047245
v 0.155943 -0.475416 0.088956
v 0.159342 -0.530735 0.050306
v 0.165620 -0.500893 0.052004
v 0.150107 -0.506652 0.085733
v 0.144531 -0.536303 0.081688
v 0.115732 -0.446810 -0.055817
v 0.002144 -0.429535 0.062939
v 0.003225 -0.452275 0.051852
v 0.019348 -0.503086 -0.018740
v 0.011392 -0.470589 -0.013401
v 0.028306 -0.468280 -0.038334
v 0.036025 -0.501380 -0.040787
v 0.139658 -0.509539 -0.037851
v 0.141360 -0.480431 -0.039260
v 0.160068 -0.485391 -0.015568
v 0.156407 -0.515014 -0.014137
v 0.168457 -0.492742 0.016675
v 0.162502 -0.522615 0.016692
v 0.147687 -0.587762 0.046579
v 0.153237 -0.559568 0.048280
v 0.137939 -0.564841 0.077725
v 0.131154 -0.592597 0.073547
v 0.152538 -0.579506 0.014909
v 0.157196 -0.551113 0.015734
v 0.149681 -0.571494 -0.012941
v 0.153097 -0.543379 -0.013653
v 0.135930 -0.565209 -0.034261
v 0.138308 -0.537376 -0.036487
v 0.116957 -0.560980 -0.049066
v 0.116967 -0.533705 -0.051486
v 0.091544 -0.531119 -0.057461
v 0.094348 -0.558723 -0.055086
v 0.070778 -0.557823 -0.052884
v 0.065889 -0.530013 -0.054229
v 0.031806 -0.561078 -0.028365
v 0.026300 -0.533048 -0.023537
v 0.042643 -0.530937 -0.043014
v 0.048614 -0.558898 -0.044413
v 0.052503 -0.670460 -0.043915
v 0.045774 -0.641513 -0.042136
v 0.064908 -0.639351 -0.047721
v 0.070470 -0.667951 -0.047649
v 0.087501 -0.665863 -0.052270
v 0.083329 -0.638287 -0.049828
v 0.101147 -0.638040 -0.050670
v 0.105556 -0.665332 -0.052951
v 0.131960 -0.644473 -0.029326
v 0.134943 -0.671462 -0.031057
v 0.122020 -0.666871 -0.046152
v 0.118324 -0.639810 -0.044214
v 0.146320 -0.651051 -0.011386
v 0.146695 -0.677337 -0.012261
v 0.147068 -0.658687 0.013305
v 0.144008 -0.684517 0.012199
v 0.132814 -0.665447 0.039718
v 0.131101 -0.690498 0.038048
v 0.022487 -0.656002 0.008170
v 0.021593 -0.650340 -0.011298
v 0.027702 -0.678226 -0.018059
v 0.026768 -0.684084 0.001907
v 0.049037 -0.666043 0.048841
v 0.051682 -0.692456 0.038528
v 0.066483 -0.693889 0.060342
v 0.066201 -0.668560 0.070489
v 0.142415 -0.614380 0.044829
v 0.148667 -0.606274 0.014397
v 0.146537 -0.598396 -0.012178
v 0.132980 -0.591900 -0.031560
v 0.036320 -0.587673 -0.033530
v 0.054190 -0.585272 -0.046041
v 0.020509 -0.601857 0.028066
v 0.018243 -0.595875 0.005869
v 0.095295 -0.645806 0.082551
v 0.120534 -0.645004 0.067961
v 0.124966 -0.619074 0.070321
v 0.099178 -0.619863 0.085156
v 0.147960 -0.632646 0.013716
v 0.145376 -0.624631 -0.011624
v 0.131576 -0.618130 -0.029564
v 0.098696 -0.611718 -0.050513
v 0.116942 -0.613641 -0.044210
v 0.079467 -0.611325 -0.050042
v 0.040910 -0.614130 -0.038463
v 0.059463 -0.611826 -0.047498
v 0.021922 -0.629449 0.017874
v 0.019616 -0.623219 -0.002886
v 0.091762 -0.694717 0.069085
v 0.117034 -0.693850 0.059839
v 0.117881 -0.669759 0.064129
v 0.092829 -0.671308 0.078110
v 0.091728 -0.716179 0.057422
v 0.070049 -0.715793 0.048894
v 0.109588 -0.693407 -0.055663
v 0.092284 -0.693897 -0.056283
v 0.125535 -0.694927 -0.048655
v 0.141935 -0.710973 0.012712
v 0.147362 -0.703542 -0.014066
v 0.128416 -0.716581 0.036917
v 0.112870 -0.715707 0.053070
v 0.042048 -0.734741 -0.025384
v 0.040458 -0.738325 -0.007513
v 0.033779 -0.709963 -0.003473
v 0.036342 -0.705945 -0.021120
v 0.061962 -0.728650 -0.052768
v 0.059631 -0.699257 -0.043317
v 0.075540 -0.696442 -0.050036
v 0.077616 -0.725054 -0.062933
v 0.114930 -0.722417 -0.064225
v 0.096180 -0.722627 -0.066921
v 0.132103 -0.722861 -0.056031
v 0.148674 -0.731964 -0.015210
v 0.146058 -0.725802 -0.039663
v 0.139956 -0.697937 -0.035010
v 0.142686 -0.738812 0.014781
v 0.122149 -0.774822 0.032883
v 0.144957 -0.768553 0.014402
v 0.120594 -0.744811 0.036165
v 0.097943 -0.873615 0.020118
v 0.098137 -0.908538 0.014504
v 0.120158 -0.905871 0.014377
v 0.122915 -0.871212 0.020336
v 0.042464 -0.765386 -0.032439
v 0.042970 -0.767750 -0.011963
v 0.079334 -0.755693 -0.073822
v 0.061345 -0.759490 -0.063607
v 0.156974 -0.792768 -0.020473
v 0.154451 -0.787835 -0.047544
v 0.151163 -0.755949 -0.042923
v 0.153450 -0.761615 -0.016282
v 0.042803 -0.865887 -0.024804
v 0.040022 -0.832430 -0.021233
v 0.040335 -0.830452 -0.043304
v 0.043076 -0.864325 -0.045193
v 0.078095 -0.788507 -0.081561
v 0.078502 -0.822558 -0.085657
v 0.060335 -0.825512 -0.075567
v 0.059679 -0.792096 -0.070964
v 0.153449 -0.862240 -0.025502
v 0.152169 -0.859059 -0.050489
v 0.155146 -0.822163 -0.050338
v 0.156864 -0.826329 -0.023526
v 0.124071 -0.804980 0.029810
v 0.125301 -0.837415 0.025064
v 0.147280 -0.831630 0.005653
v 0.147650 -0.799245 0.010050
v 0.096895 -0.807210 0.029761
v 0.098243 -0.839353 0.025490
v 0.057262 -0.937329 -0.044526
v 0.056716 -0.941002 -0.028235
v 0.049691 -0.902817 -0.026629
v 0.050197 -0.899966 -0.044995
v 0.080901 -0.858061 -0.085053
v 0.083872 -0.895251 -0.080258
v 0.067718 -0.896798 -0.072070
v 0.062804 -0.860391 -0.075959
v 0.142530 -0.938918 -0.028720
v 0.140152 -0.936672 -0.049501
v 0.146745 -0.897740 -0.050017
v 0.148313 -0.899886 -0.027633
v 0.117634 -0.943453 0.007921
v 0.136101 -0.941244 -0.006222
v 0.140690 -0.902632 -0.001431
v 0.097584 -0.945548 0.008780
v 0.096854 -0.982488 0.005279
v 0.113934 -0.980730 0.004768
v 0.062287 -0.973899 -0.043849
v 0.063339 -0.976610 -0.028818
v 0.073196 -0.970730 -0.065031
v 0.071954 -0.934241 -0.067867
v 0.085703 -0.932330 -0.075561
v 0.085736 -0.968553 -0.072580
v 0.119376 -0.934823 -0.073742
v 0.116539 -0.970689 -0.069901
v 0.101346 -0.968594 -0.074453
v 0.102696 -0.932758 -0.077745
v 0.133221 -0.972364 -0.048034
v 0.126301 -0.971394 -0.061225
v 0.132172 -0.935447 -0.064535
v 0.136717 -0.974309 -0.029052
v 0.130788 -0.977864 -0.007788
v -0.000188 -0.373153 -0.005722
v 0.005737 -0.378292 -0.018624
v -0.001255 -0.394066 0.013249
v -0.003654 -0.386389 0.026256
v 0.032921 -0.522331 0.079979
v 0.033556 -0.492105 0.089924
v 0.031255 -0.580661 0.060657
v 0.032725 -0.552448 0.071306
v 0.031605 -0.608451 0.050139
v 0.033496 -0.663056 0.028727
v 0.032759 -0.635702 0.039245
v 0.035934 -0.689382 0.019646
v 0.042141 -0.715369 0.014438
v 0.048244 -0.742868 0.011762
v 0.052741 -0.801048 0.004290
v 0.052607 -0.770799 0.007718
v 0.041413 -0.799543 -0.016755
v 0.054164 -0.868663 -0.003097
v 0.052334 -0.833843 0.000779
v 0.064876 -0.944356 -0.011718
v 0.058923 -0.906257 -0.007413
v 0.071196 -0.979753 -0.013889
v 0.070766 -0.384467 0.131119
v 0.073309 -0.359655 0.131820
v 0.045424 -0.372166 0.124837
v 0.042169 -0.391170 0.120688
v 0.000058 -0.365672 0.051809
v -0.001943 -0.370752 0.050180
v 0.001541 -0.372095 0.067317
v 0.002938 -0.365632 0.067894
v 0.137886 -0.640182 0.042726
v 0.116626 -0.587441 -0.046058
v 0.075279 -0.584506 -0.051074
v 0.096485 -0.585290 -0.052106
v 0.046130 -0.641297 0.061519
v 0.067836 -0.643791 0.078008
v 0.070640 -0.618154 0.084842
v 0.048094 -0.614504 0.070795
v 0.094763 -0.779496 0.033503
v 0.070950 -0.775619 0.023656
v 0.073119 -0.804896 0.018845
v 0.094012 -0.754495 0.038951
v 0.138548 -0.752557 -0.062841
v 0.120629 -0.751892 -0.073693
v 0.100642 -0.785208 -0.085315
v 0.100018 -0.752994 -0.077002
v 0.123219 -0.783788 -0.081619
v 0.052949 -0.560383 0.090516
v 0.049935 -0.587354 0.080863
v 0.075307 -0.591500 0.092058
v 0.079888 -0.564118 0.100343
v -0.003348 -0.366566 0.031650
v -0.003846 -0.368557 0.022175
v -0.003456 -0.375570 0.046129
v 0.016279 -0.413311 0.096226
v 0.018823 -0.396602 0.103547
v 0.003910 -0.398176 0.081090
v 0.002631 -0.411713 0.073197
v 0.189330 -0.352251 0.019602
v 0.181400 -0.359314 0.060168
v 0.087064 -0.384383 -0.074669
v 0.155224 -0.361258 -0.058729
v 0.180839 -0.344529 -0.026943
v 0.038984 -0.412962 0.114829
v 0.046024 -0.334991 0.126211
v -0.001801 -0.361836 0.035658
v 0.188663 -0.315203 0.027710
v 0.179280 -0.322090 0.063228
v -0.002250 -0.364272 0.029088
v -0.001861 -0.422093 0.034201
v -0.002299 -0.406091 0.045093
v 0.014713 -0.360886 -0.045900
v 0.001653 -0.359038 -0.030625
v 0.061794 -0.470442 0.116188
v 0.065199 -0.439876 0.123472
v 0.058791 -0.500913 0.108104
v 0.055771 -0.531140 0.099640
v 0.056712 -0.717492 0.030824
v 0.067459 -0.745617 0.030240
v 0.074369 -0.837220 0.014449
v 0.075582 -0.871657 0.009813
v 0.077533 -0.908408 0.004612
v 0.082577 -0.982169 -0.002399
v 0.079974 -0.946430 0.000201
v 0.006419 -0.378391 0.086734
v 0.023249 -0.369219 0.111022
v 0.000039 -0.445647 0.023379
v 0.011550 -0.505729 0.005586
v 0.005150 -0.475007 0.013974
v 0.061288 -0.501240 -0.054546
v 0.055635 -0.468961 -0.054823
v 0.086469 -0.472723 -0.059540
v 0.088891 -0.503001 -0.058766
v 0.116139 -0.476697 -0.053940
v 0.116236 -0.505873 -0.052991
v 0.104691 -0.593363 0.089533
v 0.101143 -0.820308 -0.089110
v 0.122844 -0.856802 -0.083036
v 0.101923 -0.857107 -0.087711
v 0.123649 -0.818770 -0.084878
v 0.142004 -0.784637 -0.068695
v 0.142503 -0.819347 -0.071350
v 0.144439 -0.866059 0.002847
v 0.102864 -0.894728 -0.082843
v 0.121561 -0.895877 -0.078203
v 0.140746 -0.856979 -0.070141
v 0.137063 -0.896141 -0.067230
v -0.002155 -0.395289 0.055118
v 0.159453 -0.333203 0.098511
v 0.161300 -0.365214 0.095877
v 0.073632 -0.335745 0.130224
v 0.101873 -0.320308 0.126633
v -0.000606 -0.379279 0.065731
v 0.068243 -0.411008 0.128422
v 0.102762 -0.378411 0.133506
v 0.134506 -0.373372 0.122189
v 0.127731 -0.280436 0.110585
v -0.001392 -0.360788 -0.013265
v 0.047552 -0.353287 0.126263
v 0.020680 -0.564087 -0.008376
v 0.016765 -0.535701 -0.001247
v 0.023648 -0.591123 -0.015584
v 0.026851 -0.617999 -0.022735
v 0.030566 -0.645315 -0.029509
v 0.037103 -0.672832 -0.034879
v 0.046124 -0.701599 -0.034970
v 0.050366 -0.731691 -0.040271
v 0.040957 -0.797511 -0.038714
v 0.049009 -0.762434 -0.049667
v 0.047618 -0.794741 -0.056617
v 0.047873 -0.828167 -0.060960
v 0.056850 -0.898400 -0.059978
v 0.050443 -0.862452 -0.062226
v 0.062758 -0.935173 -0.057403
v 0.065999 -0.971971 -0.055673
v -0.002481 -0.359088 0.014029
v -0.002151 -0.360416 0.001340
v 0.111104 -0.565392 0.096679
v -0.003217 -0.371162 0.009596
v -0.004259 -0.380904 0.038590
v 0.176354 -0.292204 0.068716
v 0.005124 -0.387881 0.085833
v 0.021290 -0.382701 0.108866
v 0.156787 -0.299883 0.095972
v 0.103183 -0.348733 0.131251
v -0.001937 -0.386999 0.062630
v 0.068219 -1.008507 -0.026534
v 0.066446 -1.006445 -0.041602
v 0.069377 -1.036034 -0.037395
v 0.068957 -1.037387 -0.022917
v 0.084518 -1.001362 -0.070342
v 0.073060 -1.003586 -0.062167
v 0.099293 -1.000823 -0.072171
v 0.112757 -1.001924 -0.066844
v 0.108406 -1.031875 -0.064207
v 0.097069 -1.031136 -0.071180
v 0.121346 -1.002883 -0.057638
v 0.124097 -1.033271 -0.044492
v 0.127493 -1.003878 -0.046077
v 0.130742 -1.005527 -0.028002
v 0.125715 -1.033627 -0.027118
v 0.124609 -1.009607 -0.007688
v 0.119892 -1.037015 -0.007491
v 0.109990 -1.012524 0.004039
v 0.074612 -1.011303 -0.011678
v 0.073145 -1.039262 -0.006989
v 0.083582 -1.031634 -0.069505
v 0.074663 -1.033789 -0.059548
v 0.071461 -1.034992 -0.048012
v 0.068341 -1.005256 -0.052622
v 0.068315 -1.064898 -0.033572
v 0.063451 -1.065159 -0.017700
v 0.082479 -1.060997 -0.069630
v 0.076690 -1.062844 -0.055660
v 0.104632 -1.060598 -0.062606
v 0.095618 -1.059921 -0.072719
v 0.124691 -1.061491 -0.043924
v 0.114855 -1.061019 -0.053433
v 0.116785 -1.032508 -0.054867
v 0.125197 -1.061216 -0.026988
v 0.118856 -1.062959 -0.003987
v 0.068904 -1.065651 -0.000041
v 0.072682 -1.064257 -0.044499
v 0.082346 -1.040783 0.004489
v 0.083551 -1.013490 -0.000215
v 0.095159 -1.014588 0.005331
v 0.093523 -1.041651 0.009231
v 0.106958 -1.039754 0.006017
v 0.077709 -0.731551 0.041263
v 0.092503 -0.733792 0.045358
v 0.108865 -0.732209 0.046272
v 0.130986 -0.308914 0.116386
v 0.133456 -0.341100 0.121070
