v 0.747786 0.200884 -0.027656
v 0.752681 0.199452 -0.018378
v 0.743402 0.195927 -0.016487
v 0.738176 0.198000 -0.026415
v 0.722471 0.188198 -0.009417
v 0.730968 0.189190 0.000182
v 0.724102 0.193077 0.006395
v 0.714145 0.192196 -0.002050
v 0.756311 0.201134 -0.009694
v 0.747579 0.196369 -0.007976
v 0.755255 0.206277 -0.003507
v 0.764182 0.205881 -0.010619
v 0.763675 0.213090 -0.007013
v 0.771506 0.216478 -0.009246
v 0.769895 0.225152 -0.012919
v 0.758190 0.223956 -0.008955
v 0.751746 0.234992 -0.032689
v 0.766036 0.232712 -0.032948
v 0.763313 0.233200 -0.043567
v 0.748821 0.235179 -0.042940
v 0.753955 0.228035 -0.061471
v 0.740670 0.230567 -0.059354
v 0.745089 0.232970 -0.051101
v 0.759677 0.230380 -0.052379
v 0.741409 0.204007 -0.041956
v 0.743456 0.203172 -0.036158
v 0.733825 0.201209 -0.035904
v 0.731304 0.202461 -0.042204
v 0.752330 0.210191 0.006838
v 0.753723 0.206376 0.005110
v 0.754292 0.213737 -0.001909
v 0.748575 0.217684 -0.000239
v 0.705544 0.195562 -0.053306
v 0.705152 0.195930 -0.045813
v 0.694581 0.198063 -0.043010
v 0.694012 0.197907 -0.051443
v 0.699198 0.194723 -0.017040
v 0.695646 0.206388 -0.009256
v 0.688987 0.208002 -0.014103
v 0.694056 0.198469 -0.024085
v 0.705715 0.192706 -0.010083
v 0.711591 0.202954 0.002094
v 0.702428 0.204339 -0.003964
v 0.722256 0.201908 0.009693
v 0.692582 0.200748 -0.061467
v 0.700611 0.198581 -0.065136
v 0.820680 0.208688 -0.013610
v 0.814939 0.208965 -0.013428
v 0.815584 0.207367 -0.018420
v 0.821454 0.207379 -0.018551
v 0.699072 0.216994 -0.072781
v 0.692542 0.216132 -0.070603
v 0.693906 0.225611 -0.069304
v 0.700921 0.226175 -0.069571
v 0.707653 0.217523 -0.075608
v 0.710139 0.226664 -0.070391
v 0.823224 0.221515 -0.012496
v 0.817167 0.222532 -0.013156
v 0.816090 0.218148 -0.010767
v 0.821960 0.217071 -0.010445
v 0.757150 0.202441 -0.027262
v 0.761562 0.201660 -0.018407
v 0.779622 0.203456 -0.021300
v 0.778371 0.205444 -0.015297
v 0.770149 0.203470 -0.016827
v 0.768128 0.203013 -0.026233
v 0.760316 0.204811 -0.045576
v 0.764827 0.204278 -0.038601
v 0.754150 0.204599 -0.038559
v 0.749974 0.205029 -0.045706
v 0.746190 0.202525 -0.057001
v 0.745731 0.200520 -0.062852
v 0.754359 0.201058 -0.063959
v 0.756138 0.202999 -0.057496
v 0.776663 0.204656 -0.052658
v 0.775135 0.204365 -0.058086
v 0.784079 0.207214 -0.058527
v 0.786016 0.207029 -0.053412
v 0.686049 0.216385 -0.069125
v 0.686926 0.226085 -0.068768
v 0.744251 0.220936 -0.078077
v 0.753232 0.219523 -0.081572
v 0.748838 0.212176 -0.087430
v 0.739594 0.213685 -0.083861
v 0.704127 0.233470 -0.062802
v 0.696652 0.234094 -0.063084
v 0.824515 0.223821 -0.017319
v 0.818448 0.225083 -0.017908
v 0.724808 0.211933 0.008480
v 0.713622 0.214503 0.000504
v 0.704183 0.216643 -0.005778
v 0.697013 0.218474 -0.009658
v 0.690182 0.220316 -0.011189
v 0.773166 0.203428 -0.031045
v 0.751295 0.203726 -0.034520
v 0.739538 0.203982 -0.046156
v 0.733468 0.196760 -0.073789
v 0.736358 0.197684 -0.066777
v 0.729305 0.196718 -0.064096
v 0.725348 0.196630 -0.073450
v 0.738264 0.204996 -0.084794
v 0.747518 0.204158 -0.087048
v 0.748885 0.199223 -0.082443
v 0.740285 0.199249 -0.080683
v 0.750143 0.213247 0.010615
v 0.742511 0.218624 0.003569
v 0.698813 0.206961 -0.071704
v 0.691921 0.207400 -0.068168
v 0.685547 0.208658 -0.065170
v 0.717950 0.198741 -0.044577
v 0.719670 0.198357 -0.040470
v 0.706380 0.194124 -0.035317
v 0.705161 0.195667 -0.041077
v 0.727467 0.192489 -0.024473
v 0.733727 0.190804 -0.014167
v 0.714980 0.189127 -0.019606
v 0.694302 0.197889 -0.035234
v 0.685926 0.201266 -0.032748
v 0.686066 0.200818 -0.041522
v 0.685868 0.201323 -0.050506
v 0.685538 0.203631 -0.059194
v 0.688523 0.235478 -0.063351
v 0.686507 0.203757 -0.023494
v 0.737317 0.191155 0.007007
v 0.743677 0.193583 0.001998
v 0.748351 0.194033 0.007664
v 0.743433 0.192073 0.012480
v 0.771268 0.209062 -0.010918
v 0.778709 0.210952 -0.011248
v 0.779422 0.218068 -0.010666
v 0.709100 0.197638 -0.069370
v 0.713542 0.195686 -0.058937
v 0.782015 0.203930 -0.026780
v 0.809917 0.223246 -0.013728
v 0.797609 0.223904 -0.014116
v 0.796211 0.218378 -0.011528
v 0.808969 0.218534 -0.011117
v 0.791137 0.208444 -0.030282
v 0.799006 0.210651 -0.028687
v 0.796599 0.206926 -0.024372
v 0.788669 0.205785 -0.025104
v 0.772721 0.203056 -0.064477
v 0.780138 0.205273 -0.064731
v 0.779935 0.227495 -0.033355
v 0.767790 0.231645 -0.022086
v 0.779247 0.229858 -0.022670
v 0.757831 0.204252 -0.051850
v 0.765878 0.203288 -0.057855
v 0.767411 0.204026 -0.052352
v 0.776588 0.203944 -0.033485
v 0.772749 0.204193 -0.038420
v 0.780521 0.205157 -0.037290
v 0.783034 0.205027 -0.031505
v 0.726982 0.204157 -0.082257
v 0.728602 0.215792 -0.080945
v 0.815150 0.213179 -0.010850
v 0.820975 0.212517 -0.010920
v 0.747612 0.204236 -0.051251
v 0.754371 0.232094 -0.021294
v 0.737563 0.203000 -0.050618
v 0.770406 0.219282 -0.071508
v 0.778294 0.219476 -0.072328
v 0.777540 0.213097 -0.073838
v 0.769863 0.212804 -0.075132
v 0.810849 0.212644 -0.027553
v 0.818169 0.213592 -0.027004
v 0.816967 0.209348 -0.023511
v 0.809303 0.208360 -0.023610
v 0.786514 0.205303 -0.020060
v 0.794953 0.205863 -0.019284
v 0.794168 0.207972 -0.014422
v 0.785334 0.207154 -0.014846
v 0.785831 0.212226 -0.011890
v 0.794891 0.212880 -0.011839
v 0.812093 0.219014 -0.028444
v 0.800788 0.217725 -0.029448
v 0.799663 0.224549 -0.026148
v 0.811908 0.224498 -0.024603
v 0.727559 0.233207 -0.057298
v 0.736792 0.227402 -0.067976
v 0.724234 0.230050 -0.065365
v 0.766055 0.226133 -0.063600
v 0.760404 0.220193 -0.072331
v 0.749114 0.224589 -0.070391
v 0.732980 0.223405 -0.074854
v 0.789548 0.217605 -0.036034
v 0.788356 0.223353 -0.037587
v 0.789487 0.223219 -0.029399
v 0.735385 0.200539 -0.057117
v 0.807907 0.213236 -0.011152
v 0.702317 0.237470 -0.020039
v 0.710756 0.235328 -0.019572
v 0.712464 0.241107 -0.032627
v 0.702837 0.242691 -0.031274
v 0.807972 0.206743 -0.018392
v 0.807556 0.208349 -0.013522
v 0.771698 0.203041 -0.071148
v 0.772639 0.205479 -0.076277
v 0.778277 0.207477 -0.074317
v 0.778342 0.205553 -0.070164
v 0.721094 0.225916 -0.072187
v 0.759228 0.218332 -0.084886
v 0.756214 0.210565 -0.090209
v 0.712947 0.232422 -0.063602
v 0.706876 0.238195 -0.053700
v 0.715837 0.235969 -0.055304
v 0.774666 0.226260 -0.053125
v 0.731217 0.235339 -0.049762
v 0.718909 0.237971 -0.047737
v 0.709012 0.240567 -0.044689
v 0.701068 0.242675 -0.043181
v 0.699264 0.239783 -0.053041
v 0.811038 0.225948 -0.018666
v 0.819238 0.224008 -0.023707
v 0.690481 0.241594 -0.053056
v 0.692250 0.244520 -0.042801
v 0.724282 0.238825 -0.030562
v 0.722024 0.239414 -0.039419
v 0.737834 0.236828 -0.032194
v 0.734667 0.237122 -0.041818
v 0.776512 0.230824 -0.043847
v 0.833943 0.218637 -0.024968
v 0.833230 0.214244 -0.025980
v 0.824661 0.213895 -0.026684
v 0.825661 0.218963 -0.025948
v 0.819169 0.219181 -0.027137
v 0.825479 0.223159 -0.022762
v 0.740442 0.233093 -0.020474
v 0.788202 0.207832 -0.036597
v 0.724684 0.232018 -0.016890
v 0.734792 0.225749 -0.004747
v 0.745428 0.227263 -0.008278
v 0.717583 0.224659 -0.004838
v 0.707351 0.227438 -0.010069
v 0.692536 0.230571 -0.013262
v 0.699401 0.229153 -0.012662
v 0.728362 0.220499 0.003021
v 0.829178 0.207126 -0.019335
v 0.828437 0.207807 -0.014089
v 0.694396 0.239021 -0.020061
v 0.739650 0.191558 -0.005042
v 0.727769 0.201315 -0.049506
v 0.725710 0.198991 -0.054316
v 0.721960 0.195981 -0.061718
v 0.717525 0.196855 -0.072022
v 0.828920 0.211252 -0.011121
v 0.787627 0.213731 -0.057529
v 0.789263 0.212961 -0.055411
v 0.731829 0.193825 0.012232
v 0.739807 0.194611 0.016974
v 0.743105 0.207318 0.019392
v 0.733891 0.209552 0.014845
v 0.730943 0.201038 0.015484
v 0.740179 0.200315 0.019454
v 0.717113 0.198310 -0.047905
v 0.716162 0.197237 -0.052532
v 0.717733 0.217316 -0.078246
v 0.716363 0.205951 -0.079520
v 0.786916 0.218432 -0.011560
v 0.787789 0.224224 -0.014875
v 0.779598 0.225243 -0.014396
v 0.798412 0.226819 -0.020020
v 0.793030 0.215684 -0.031268
v 0.791068 0.213144 -0.035207
v 0.722828 0.196131 -0.033806
v 0.709836 0.191642 -0.028350
v 0.752214 0.200087 0.004056
v 0.749184 0.198478 -0.001261
v 0.769328 0.204301 -0.045455
v 0.786861 0.225508 -0.050882
v 0.786895 0.228699 -0.043815
v 0.777760 0.204946 -0.045124
v 0.830260 0.215522 -0.010453
v 0.831547 0.219955 -0.012358
v 0.788339 0.227731 -0.021646
v 0.763734 0.201689 -0.064531
v 0.788638 0.219657 -0.054133
v 0.781760 0.222085 -0.057407
v 0.754205 0.203851 -0.088592
v 0.694231 0.244505 -0.030937
v 0.822889 0.209262 -0.023806
v 0.830841 0.209295 -0.024189
v 0.833408 0.221706 -0.022061
v 0.832341 0.222447 -0.017164
v 0.707138 0.206734 -0.075836
v 0.729430 0.202333 -0.045932
v 0.737558 0.216607 0.010113
v 0.746805 0.212848 0.015886
v 0.785548 0.206395 -0.045147
v 0.764328 0.217005 -0.078383
v 0.785605 0.223151 -0.060362
v 0.781294 0.224792 -0.066708
v 0.774553 0.225096 -0.065333
v 0.788701 0.218355 -0.058790
v 0.839342 0.221720 -0.016947
v 0.840161 0.221034 -0.021748
v 0.838829 0.219257 -0.012092
v 0.836898 0.214798 -0.010659
v 0.834979 0.210836 -0.011448
v 0.840440 0.218142 -0.024567
v 0.839399 0.214102 -0.025485
v 0.836602 0.209455 -0.023818
v 0.846051 0.217413 -0.024559
v 0.846999 0.220122 -0.021589
v 0.851850 0.216435 -0.011455
v 0.853483 0.218495 -0.013445
v 0.849825 0.219235 -0.013807
v 0.846393 0.218634 -0.012096
v 0.856771 0.215252 -0.012149
v 0.858097 0.217843 -0.013828
v 0.853805 0.220110 -0.016994
v 0.849254 0.220427 -0.016678
v 0.858802 0.219667 -0.017472
v 0.858376 0.218936 -0.021227
v 0.853563 0.219231 -0.020642
v 0.849812 0.219915 -0.019694
v 0.845471 0.221054 -0.016725
v 0.861051 0.214892 -0.014115
v 0.863487 0.215603 -0.018324
v 0.862849 0.218635 -0.017867
v 0.861302 0.217399 -0.014596
v 0.843187 0.214277 -0.010861
v 0.849867 0.213122 -0.011447
v 0.855451 0.212058 -0.012573
v 0.859853 0.211875 -0.014903
v 0.848904 0.209682 -0.012696
v 0.854718 0.209524 -0.014257
v 0.858326 0.209739 -0.016406
v 0.848710 0.207411 -0.015598
v 0.854550 0.208170 -0.016817
v 0.840961 0.210425 -0.011813
v 0.839966 0.207624 -0.014696
v 0.857198 0.208920 -0.017756
v 0.862140 0.212821 -0.019117
v 0.852607 0.218250 -0.023282
v 0.857739 0.217218 -0.023608
v 0.851866 0.216116 -0.024902
v 0.857087 0.215072 -0.024788
v 0.861858 0.218636 -0.021283
v 0.861952 0.216507 -0.022598
v 0.834076 0.207720 -0.014410
v 0.834775 0.207409 -0.019649
v 0.840524 0.207246 -0.019584
v 0.848989 0.207022 -0.020294
v 0.842234 0.209558 -0.023641
v 0.844998 0.213676 -0.025336
v 0.851130 0.213197 -0.025254
v 0.849774 0.209582 -0.024068
v 0.856103 0.212419 -0.024698
v 0.855234 0.209852 -0.023470
v 0.854835 0.208203 -0.020432
v 0.859261 0.211639 -0.023110
v 0.860831 0.213979 -0.023236
v 0.859953 0.210719 -0.019801
v 0.857788 0.209335 -0.020234
v 0.857793 0.210149 -0.022478
v 0.827562 0.210403 -0.046088
v 0.820053 0.210882 -0.044706
v 0.819648 0.209946 -0.049433
v 0.827353 0.209688 -0.050977
v 0.828115 0.223050 -0.042759
v 0.821146 0.224070 -0.042121
v 0.820975 0.218680 -0.040606
v 0.828004 0.217458 -0.041632
v 0.827607 0.225744 -0.048377
v 0.820704 0.227019 -0.047791
v 0.812901 0.224725 -0.040964
v 0.798821 0.223891 -0.039431
v 0.798809 0.217878 -0.038416
v 0.812785 0.219022 -0.039687
v 0.797524 0.213360 -0.055257
v 0.795922 0.209604 -0.051818
v 0.820551 0.214066 -0.042042
v 0.827876 0.213080 -0.043031
v 0.811611 0.214358 -0.056478
v 0.820476 0.214846 -0.057590
v 0.819926 0.211326 -0.054220
v 0.810959 0.210677 -0.053007
v 0.795690 0.208272 -0.045850
v 0.796769 0.209200 -0.040117
v 0.798171 0.213040 -0.038283
v 0.812296 0.219966 -0.056958
v 0.798688 0.219790 -0.055332
v 0.798453 0.225739 -0.051710
v 0.812609 0.225292 -0.053496
v 0.812151 0.214057 -0.040533
v 0.810620 0.209468 -0.047706
v 0.811339 0.210414 -0.042906
v 0.812450 0.227624 -0.046892
v 0.820814 0.224573 -0.054357
v 0.837873 0.219255 -0.058461
v 0.838017 0.214965 -0.059518
v 0.828050 0.214787 -0.058706
v 0.828305 0.219505 -0.058164
v 0.820945 0.219693 -0.057602
v 0.827855 0.223855 -0.054588
v 0.838169 0.209345 -0.053089
v 0.838093 0.209680 -0.047951
v 0.838279 0.212044 -0.044724
v 0.798440 0.228487 -0.045031
v 0.838110 0.216067 -0.043461
v 0.837860 0.221537 -0.044177
v 0.827626 0.211112 -0.055730
v 0.837870 0.210986 -0.057425
v 0.837322 0.222887 -0.055133
v 0.836970 0.224519 -0.049383
v 0.845202 0.223273 -0.050659
v 0.845183 0.221874 -0.055903
v 0.846103 0.220736 -0.045596
v 0.845542 0.215651 -0.044710
v 0.844919 0.211969 -0.045952
v 0.845422 0.218982 -0.058759
v 0.845061 0.215300 -0.059788
v 0.844238 0.211346 -0.058059
v 0.852552 0.218573 -0.059635
v 0.853562 0.221274 -0.057159
v 0.866103 0.217616 -0.049496
v 0.866749 0.220476 -0.050962
v 0.861517 0.220637 -0.050082
v 0.860464 0.218610 -0.047879
v 0.857738 0.221330 -0.049921
v 0.854502 0.220463 -0.047414
v 0.861447 0.222095 -0.053721
v 0.856975 0.222087 -0.052890
v 0.867152 0.222701 -0.054826
v 0.866171 0.221669 -0.058433
v 0.860544 0.221201 -0.056930
v 0.856829 0.221370 -0.055829
v 0.870951 0.217880 -0.052045
v 0.870656 0.220494 -0.052118
v 0.852592 0.222666 -0.052091
v 0.851980 0.215744 -0.046160
v 0.859156 0.215039 -0.047540
v 0.865621 0.214562 -0.049692
v 0.870231 0.214866 -0.052705
v 0.858281 0.211445 -0.048743
v 0.864839 0.211800 -0.050980
v 0.868557 0.212680 -0.053874
v 0.857681 0.209092 -0.051941
v 0.864134 0.210214 -0.053773
v 0.850428 0.211839 -0.047163
v 0.849521 0.209535 -0.050190
v 0.867079 0.211589 -0.055080
v 0.871876 0.216310 -0.056770
v 0.873117 0.219406 -0.056273
v 0.872369 0.222689 -0.055598
v 0.859794 0.219771 -0.058820
v 0.865760 0.219556 -0.059836
v 0.859385 0.218156 -0.060728
v 0.865466 0.217844 -0.061227
v 0.870525 0.221979 -0.059064
v 0.870725 0.219887 -0.059790
v 0.844380 0.209783 -0.049164
v 0.844102 0.209518 -0.053832
v 0.849225 0.209198 -0.054772
v 0.857336 0.209106 -0.056613
v 0.849524 0.211353 -0.058861
v 0.851344 0.215335 -0.060554
v 0.858395 0.215373 -0.061343
v 0.857412 0.211771 -0.060212
v 0.864410 0.215431 -0.061348
v 0.863567 0.212585 -0.060424
v 0.863638 0.210335 -0.057614
v 0.868379 0.215007 -0.060275
v 0.870022 0.217358 -0.060356
v 0.869708 0.213852 -0.057284
v 0.867265 0.212029 -0.057630
v 0.866699 0.213145 -0.059791
v 0.815135 0.210012 -0.069529
v 0.809323 0.210567 -0.067867
v 0.807577 0.208179 -0.071994
v 0.813599 0.207528 -0.073799
v 0.815837 0.221426 -0.070045
v 0.809164 0.222688 -0.067684
v 0.810400 0.218844 -0.065791
v 0.816486 0.218208 -0.068079
v 0.814584 0.222608 -0.074704
v 0.807325 0.223884 -0.072991
v 0.802406 0.223131 -0.065514
v 0.792609 0.223159 -0.062810
v 0.794292 0.218016 -0.061019
v 0.804100 0.218705 -0.063497
v 0.810405 0.214551 -0.065972
v 0.816339 0.214155 -0.067941
v 0.798339 0.209832 -0.077818
v 0.805727 0.210506 -0.079710
v 0.806294 0.208294 -0.076496
v 0.798940 0.207822 -0.074383
v 0.788342 0.206974 -0.066673
v 0.791085 0.209040 -0.062512
v 0.793410 0.212970 -0.061083
v 0.798342 0.214810 -0.079474
v 0.786759 0.213968 -0.076042
v 0.787585 0.220431 -0.074501
v 0.798630 0.220943 -0.077083
v 0.804187 0.214011 -0.063867
v 0.800564 0.207454 -0.069887
v 0.802745 0.209903 -0.065739
v 0.799974 0.224268 -0.071110
v 0.805930 0.220653 -0.078494
v 0.822857 0.215444 -0.084344
v 0.822574 0.211181 -0.084397
v 0.812230 0.210487 -0.081822
v 0.812462 0.215177 -0.082434
v 0.805555 0.215019 -0.081075
v 0.813328 0.220100 -0.079799
v 0.822977 0.207208 -0.076697
v 0.824187 0.209016 -0.072350
v 0.825179 0.212989 -0.070723
v 0.789826 0.224666 -0.068607
v 0.786345 0.208724 -0.074669
v 0.825629 0.216599 -0.070861
v 0.825448 0.219728 -0.072604
v 0.812457 0.207893 -0.078527
v 0.822175 0.208018 -0.081442
v 0.823406 0.219460 -0.081659
v 0.824214 0.221502 -0.076934
v 0.831206 0.220736 -0.078550
v 0.830267 0.219202 -0.083339
v 0.832634 0.219144 -0.074205
v 0.832318 0.215718 -0.072749
v 0.831283 0.212297 -0.072676
v 0.829755 0.215336 -0.085757
v 0.829354 0.211648 -0.085647
v 0.828125 0.208395 -0.082827
v 0.834839 0.215017 -0.087205
v 0.836532 0.218424 -0.084723
v 0.849932 0.216222 -0.078208
v 0.849969 0.217860 -0.079890
v 0.845250 0.217735 -0.078714
v 0.845111 0.216745 -0.076648
v 0.841729 0.218609 -0.078138
v 0.839178 0.218503 -0.075983
v 0.844618 0.219482 -0.082052
v 0.840399 0.219566 -0.080836
v 0.849343 0.219401 -0.083509
v 0.847513 0.217886 -0.086956
v 0.842876 0.217860 -0.085310
v 0.839685 0.218781 -0.083805
v 0.853660 0.216281 -0.080743
v 0.853055 0.218034 -0.081341
v 0.836722 0.219923 -0.079891
v 0.837713 0.215144 -0.074150
v 0.844019 0.214084 -0.075607
v 0.849327 0.213525 -0.077589
v 0.852718 0.213294 -0.080531
v 0.842648 0.210935 -0.076065
v 0.848012 0.210758 -0.078231
v 0.850880 0.210778 -0.080851
v 0.841198 0.208251 -0.077719
v 0.846758 0.208682 -0.079850
v 0.836241 0.211684 -0.074322
v 0.834445 0.208836 -0.075940
v 0.849246 0.209499 -0.081476
v 0.853206 0.213436 -0.085168
v 0.854283 0.216718 -0.085163
v 0.853388 0.219310 -0.084787
v 0.841456 0.216600 -0.087373
v 0.846496 0.216052 -0.088558
v 0.840359 0.214139 -0.088300
v 0.845831 0.213815 -0.089100
v 0.851041 0.218187 -0.087462
v 0.850979 0.216425 -0.088312
v 0.829799 0.209169 -0.074278
v 0.828403 0.207616 -0.078173
v 0.833120 0.207553 -0.079397
v 0.840151 0.207241 -0.081464
v 0.832679 0.208504 -0.083822
v 0.833868 0.211544 -0.086515
v 0.839663 0.211223 -0.087722
v 0.839218 0.208528 -0.085385
v 0.845176 0.211257 -0.088394
v 0.844930 0.208999 -0.086463
v 0.845693 0.207960 -0.083117
v 0.848962 0.211338 -0.087641
v 0.850091 0.213862 -0.088429
v 0.851153 0.210967 -0.084564
v 0.848974 0.209317 -0.083982
v 0.847878 0.209681 -0.086417
v 0.786611 0.207160 -0.071028
v 0.789373 0.204819 -0.094019
v 0.785182 0.205365 -0.091169
v 0.783167 0.203454 -0.093928
v 0.787258 0.202826 -0.096757
v 0.789881 0.214975 -0.096650
v 0.785135 0.216061 -0.093485
v 0.786667 0.212906 -0.090512
v 0.791305 0.212155 -0.093731
v 0.787169 0.215037 -0.101228
v 0.782166 0.216116 -0.098358
v 0.779485 0.216268 -0.089699
v 0.770540 0.216703 -0.083385
v 0.773345 0.212422 -0.081279
v 0.781269 0.212831 -0.086813
v 0.759508 0.203837 -0.089696
v 0.765745 0.203783 -0.092570
v 0.767925 0.202151 -0.089296
v 0.760974 0.201342 -0.085930
v 0.786597 0.208839 -0.089822
v 0.790925 0.208304 -0.093066
v 0.774371 0.204210 -0.097458
v 0.779417 0.204415 -0.100714
v 0.781210 0.203094 -0.097360
v 0.776477 0.202652 -0.094224
v 0.764176 0.200853 -0.081958
v 0.770388 0.202320 -0.085919
v 0.772412 0.204304 -0.082776
v 0.767917 0.202061 -0.078271
v 0.773780 0.207435 -0.081476
v 0.773213 0.207843 -0.099351
v 0.764369 0.207345 -0.094265
v 0.763802 0.212602 -0.093835
v 0.773787 0.212758 -0.098780
v 0.781544 0.208653 -0.086516
v 0.778539 0.203067 -0.090900
v 0.780383 0.205241 -0.087920
v 0.776263 0.216633 -0.094442
v 0.779658 0.212499 -0.102047
v 0.789287 0.206546 -0.109409
v 0.789451 0.203482 -0.107757
v 0.783658 0.203922 -0.103850
v 0.783130 0.207400 -0.105852
v 0.778597 0.207934 -0.102800
v 0.784465 0.211776 -0.104996
v 0.792705 0.202090 -0.100519
v 0.795160 0.204053 -0.097856
v 0.796578 0.207347 -0.096900
v 0.766497 0.217871 -0.088659
v 0.797212 0.210753 -0.097655
v 0.796128 0.213449 -0.100281
v 0.785281 0.202514 -0.100324
v 0.790792 0.201951 -0.104266
v 0.790690 0.210537 -0.108473
v 0.793309 0.213564 -0.104588
v 0.798365 0.212946 -0.107464
v 0.795847 0.209974 -0.111343
v 0.800920 0.212522 -0.103057
v 0.801465 0.209965 -0.100374
v 0.800436 0.206707 -0.099700
v 0.794168 0.205872 -0.111977
v 0.794093 0.203374 -0.110072
v 0.794853 0.202184 -0.106665
v 0.798831 0.205606 -0.114218
v 0.801135 0.209431 -0.113761
v 0.813894 0.208819 -0.108548
v 0.813174 0.210163 -0.110129
v 0.810019 0.210450 -0.108762
v 0.810260 0.209703 -0.106542
v 0.806926 0.211336 -0.108016
v 0.805483 0.211401 -0.105559
v 0.808347 0.211273 -0.111930
v 0.805075 0.211529 -0.110525
v 0.811948 0.211074 -0.113798
v 0.810090 0.208638 -0.116915
v 0.806544 0.209310 -0.115353
v 0.804090 0.210292 -0.113510
v 0.816502 0.208410 -0.111363
v 0.815571 0.210031 -0.111865
v 0.802358 0.212088 -0.109334
v 0.805377 0.209233 -0.102783
v 0.810074 0.208025 -0.104956
v 0.814492 0.206836 -0.107732
v 0.816508 0.205940 -0.111226
v 0.808832 0.205627 -0.104574
v 0.813104 0.204623 -0.107614
v 0.814972 0.203970 -0.110759
v 0.806750 0.203328 -0.105096
v 0.811226 0.202842 -0.108094
v 0.803950 0.206524 -0.101832
v 0.801858 0.203945 -0.102393
v 0.813342 0.202899 -0.110313
v 0.815728 0.205307 -0.114688
v 0.816093 0.207843 -0.115430
v 0.815054 0.210466 -0.115450
v 0.805094 0.207426 -0.116605
v 0.809455 0.206461 -0.118038
v 0.803612 0.204860 -0.116125
v 0.809045 0.204150 -0.117382
v 0.812945 0.208780 -0.117633
v 0.813269 0.206753 -0.117814
v 0.798773 0.203846 -0.100540
v 0.796691 0.202137 -0.102936
v 0.799795 0.201993 -0.104862
v 0.804743 0.201558 -0.107277
v 0.798394 0.201898 -0.108640
v 0.797976 0.203128 -0.112037
v 0.803211 0.202663 -0.114214
v 0.803461 0.201300 -0.110985
v 0.808654 0.202388 -0.115485
v 0.808807 0.201413 -0.112846
v 0.809739 0.201556 -0.109922
v 0.812507 0.202921 -0.115112
v 0.813107 0.204457 -0.116856
v 0.814478 0.203483 -0.113414
v 0.812813 0.202382 -0.111968
v 0.811768 0.202115 -0.113508
v 0.759222 0.206897 -0.091539
v 0.759381 0.210505 0.016630
v 0.760946 0.207692 0.012570
v 0.758914 0.197334 0.010762
v 0.755305 0.192847 0.013853
v 0.751440 0.191897 0.018871
v 0.749926 0.194756 0.023017
v 0.750503 0.199489 0.025276
v 0.761148 0.203161 0.010420
v 0.756332 0.210678 0.021620
v 0.752749 0.205926 0.025143
v 0.761334 0.204895 0.031319
v 0.764497 0.209888 0.027314
v 0.758628 0.198330 0.031637
v 0.757284 0.193380 0.028432
v 0.757613 0.190886 0.023302
v 0.766810 0.209934 0.021311
v 0.767462 0.206911 0.016569
v 0.766469 0.201701 0.014104
v 0.773766 0.209360 0.026444
v 0.774333 0.209009 0.033775
v 0.777174 0.194631 0.042387
v 0.777567 0.198607 0.044271
v 0.773908 0.198837 0.042013
v 0.772429 0.194868 0.040273
v 0.771754 0.199872 0.040121
v 0.767876 0.197353 0.037611
v 0.776172 0.204386 0.042168
v 0.773837 0.204262 0.039892
v 0.779157 0.208347 0.039467
v 0.776111 0.207852 0.038447
v 0.779615 0.204217 0.044983
v 0.780941 0.198893 0.046010
v 0.783064 0.202944 0.046117
v 0.781907 0.196178 0.044408
v 0.770091 0.204211 0.036980
v 0.764619 0.192359 0.032967
v 0.771441 0.191473 0.036734
v 0.777776 0.191809 0.039343
v 0.783095 0.194154 0.040738
v 0.772191 0.189674 0.031530
v 0.779147 0.191188 0.034707
v 0.783439 0.193874 0.036562
v 0.774083 0.191129 0.026535
v 0.780331 0.192764 0.031101
v 0.763777 0.189856 0.027048
v 0.765284 0.190952 0.021254
v 0.783335 0.194414 0.033677
v 0.786699 0.198769 0.040349
v 0.786027 0.200567 0.044468
v 0.780390 0.209140 0.035509
v 0.782198 0.207893 0.041987
v 0.784245 0.208012 0.038234
v 0.780461 0.208296 0.030554
v 0.785142 0.206328 0.034341
v 0.784513 0.206437 0.044080
v 0.786588 0.205505 0.041454
v 0.760057 0.191754 0.017822
v 0.763581 0.195767 0.014575
v 0.768644 0.195413 0.017960
v 0.776517 0.195460 0.023349
v 0.771966 0.201465 0.017651
v 0.773625 0.206831 0.020936
v 0.780389 0.205567 0.026377
v 0.779129 0.200949 0.023381
v 0.784880 0.203573 0.031121
v 0.783687 0.200166 0.029186
v 0.782103 0.196094 0.029236
v 0.786502 0.201058 0.034563
v 0.787338 0.203285 0.037849
v 0.785874 0.197547 0.036519
v 0.784645 0.196845 0.033249
v 0.785323 0.199436 0.032472
v 0.755520 0.199671 -0.084011
v 0.758480 0.199139 -0.078689
v 0.751196 0.198566 -0.076885
v 0.742389 0.197437 -0.075266
v 0.732994 0.198781 -0.079346
v 0.744546 0.198563 -0.068914
v 0.753317 0.199558 -0.070825
v 0.763125 0.200633 -0.072701
v 0.739249 0.199532 -0.062110
