v 0.341877 0.226176 0.016944
v 0.315975 0.226293 0.018149
v 0.316855 0.209988 0.019314
v 0.342678 0.209817 0.017669
v 0.206132 0.252707 0.029270
v 0.205795 0.269781 0.011090
v 0.213544 0.148828 -0.029819
v 0.211427 0.152355 -0.016923
v 0.213090 0.150920 -0.050293
v 0.211339 0.157287 -0.056834
v 0.225701 0.165279 -0.059565
v 0.227257 0.159029 -0.052804
v 0.219384 0.170156 0.002977
v 0.235648 0.173219 -0.001033
v 0.232505 0.181544 0.013149
v 0.218085 0.178147 0.016646
v 0.231743 0.186697 -0.071727
v 0.230296 0.193487 -0.073263
v 0.241342 0.198323 -0.074252
v 0.242396 0.191924 -0.073354
v 0.258639 0.166647 -0.017038
v 0.279118 0.165537 -0.019949
v 0.275181 0.173134 -0.005771
v 0.253858 0.173627 -0.003597
v 0.244027 0.158775 -0.037190
v 0.243158 0.159943 -0.047836
v 0.260369 0.162323 -0.052719
v 0.261361 0.160209 -0.041573
v 0.341375 0.241502 0.008660
v 0.315545 0.241591 0.009465
v 0.303173 0.162524 -0.035682
v 0.281444 0.161254 -0.033237
v 0.281966 0.160888 -0.045778
v 0.304473 0.164133 -0.048842
v 0.352518 0.172939 -0.050790
v 0.327913 0.168265 -0.050390
v 0.329489 0.176271 -0.061975
v 0.353904 0.181384 -0.061330
v 0.295732 0.198029 -0.074735
v 0.303691 0.183053 -0.070283
v 0.280120 0.176113 -0.067258
v 0.274036 0.185184 -0.072173
v 0.213654 0.147578 -0.041903
v 0.261202 0.161666 -0.029613
v 0.242961 0.160984 -0.025675
v 0.342692 0.252307 -0.004857
v 0.317502 0.252543 -0.004882
v 0.344075 0.257323 -0.021896
v 0.318640 0.257703 -0.022201
v 0.251968 0.228624 0.025291
v 0.251295 0.247122 0.017495
v 0.234237 0.248541 0.022259
v 0.235704 0.228964 0.029112
v 0.235011 0.234782 -0.068940
v 0.237373 0.225849 -0.071913
v 0.225122 0.221374 -0.073025
v 0.222932 0.231798 -0.070388
v 0.346081 0.254820 -0.038428
v 0.349021 0.247314 -0.052500
v 0.322461 0.246348 -0.054848
v 0.318871 0.255019 -0.040275
v 0.301151 0.166066 -0.021828
v 0.323682 0.167841 -0.023246
v 0.321693 0.174334 -0.009223
v 0.298238 0.173449 -0.007631
v 0.347494 0.169339 -0.024653
v 0.325705 0.165301 -0.037241
v 0.349999 0.168770 -0.038397
v 0.353753 0.193693 -0.068903
v 0.329418 0.188605 -0.070033
v 0.326504 0.203845 -0.073525
v 0.352764 0.208236 -0.071983
v 0.350949 0.236004 -0.063133
v 0.352345 0.222561 -0.069937
v 0.326435 0.220152 -0.071540
v 0.325648 0.234513 -0.064970
v 0.343180 0.195279 0.012331
v 0.317889 0.195441 0.013823
v 0.319487 0.183784 0.003641
v 0.344237 0.183386 0.002565
v 0.251144 0.261268 0.002845
v 0.233595 0.264397 0.007200
v 0.202115 0.173665 0.021629
v 0.204520 0.186759 0.034471
v 0.291056 0.242263 0.011481
v 0.293074 0.254376 -0.003694
v 0.270425 0.257629 -0.000826
v 0.269704 0.244426 0.014317
v 0.293278 0.194925 0.015913
v 0.269936 0.193861 0.019179
v 0.271750 0.182606 0.008053
v 0.295223 0.183459 0.005411
v 0.281484 0.165808 -0.057321
v 0.304936 0.170840 -0.060885
v 0.236029 0.208846 0.030564
v 0.252000 0.209393 0.027230
v 0.269514 0.209225 0.024013
v 0.269756 0.227272 0.022394
v 0.256503 0.177657 -0.068577
v 0.259255 0.169307 -0.062270
v 0.241401 0.164332 -0.057088
v 0.240151 0.171678 -0.064212
v 0.236228 0.250901 -0.058854
v 0.222706 0.251199 -0.059122
v 0.224549 0.260227 -0.048357
v 0.239996 0.258587 -0.049179
v 0.227706 0.267656 -0.033285
v 0.231897 0.271266 -0.013678
v 0.249694 0.267672 -0.016536
v 0.245139 0.264995 -0.035131
v 0.240081 0.166095 -0.013640
v 0.269228 0.263735 -0.019761
v 0.264396 0.261432 -0.038127
v 0.250516 0.193121 0.022866
v 0.219790 0.249927 0.026534
v 0.206446 0.230046 0.038569
v 0.221026 0.228906 0.033793
v 0.233971 0.192290 0.026225
v 0.301638 0.231065 -0.067228
v 0.297148 0.244257 -0.058494
v 0.250190 0.182170 0.010642
v 0.202242 0.164749 0.008792
v 0.549493 0.254631 -0.021536
v 0.569725 0.250686 -0.021747
v 0.569186 0.255656 -0.033172
v 0.548390 0.258947 -0.034083
v 0.549456 0.245129 -0.011981
v 0.569303 0.241125 -0.013399
v 0.546003 0.184962 -0.030136
v 0.566594 0.186637 -0.034907
v 0.566231 0.194374 -0.023137
v 0.545582 0.193800 -0.018504
v 0.587711 0.226150 -0.011240
v 0.568305 0.229216 -0.009038
v 0.566949 0.216386 -0.009626
v 0.586648 0.214522 -0.012892
v 0.545475 0.185552 -0.059948
v 0.525342 0.181745 -0.055600
v 0.524064 0.190713 -0.067333
v 0.544303 0.195092 -0.070228
v 0.461233 0.188378 -0.006848
v 0.444098 0.190723 -0.001364
v 0.446482 0.179325 -0.010848
v 0.463581 0.177796 -0.017403
v 0.507431 0.262532 -0.020978
v 0.528633 0.258515 -0.021109
v 0.526985 0.261595 -0.034747
v 0.505073 0.263556 -0.035540
v 0.504775 0.224330 -0.000506
v 0.481977 0.227998 0.000610
v 0.480604 0.211996 -0.001321
v 0.503010 0.208499 -0.003333
v 0.483053 0.263941 -0.036802
v 0.485447 0.265978 -0.022131
v 0.546892 0.218568 -0.006015
v 0.526292 0.221178 -0.002749
v 0.524567 0.206550 -0.006391
v 0.545574 0.205333 -0.010573
v 0.585565 0.193564 -0.063847
v 0.565631 0.189613 -0.062663
v 0.564505 0.199279 -0.071464
v 0.584694 0.203165 -0.071426
v 0.586150 0.204241 -0.018712
v 0.566089 0.204701 -0.014883
v 0.586270 0.195288 -0.027390
v 0.587615 0.248352 -0.055970
v 0.566148 0.249194 -0.058932
v 0.567689 0.254764 -0.046123
v 0.588661 0.252677 -0.044014
v 0.503579 0.184151 -0.019084
v 0.524915 0.183978 -0.024670
v 0.524351 0.193700 -0.013721
v 0.502770 0.194763 -0.009414
v 0.507760 0.253689 -0.008885
v 0.528895 0.249174 -0.010385
v 0.544463 0.249259 -0.061452
v 0.522580 0.248279 -0.063186
v 0.524568 0.257419 -0.049220
v 0.546315 0.256454 -0.047838
v 0.500259 0.231129 -0.072367
v 0.521470 0.234648 -0.072294
v 0.521379 0.218843 -0.075163
v 0.500437 0.214509 -0.073840
v 0.483620 0.177229 -0.025672
v 0.481930 0.185879 -0.013094
v 0.504933 0.178442 -0.049755
v 0.484630 0.175280 -0.042457
v 0.483632 0.182002 -0.057329
v 0.503753 0.186533 -0.063062
v 0.443976 0.249443 -0.001884
v 0.461733 0.247850 -0.000858
v 0.463198 0.260746 -0.010066
v 0.444565 0.261456 -0.012363
v 0.462991 0.266804 -0.024256
v 0.443846 0.265820 -0.027545
v 0.415640 0.254855 -0.046176
v 0.427591 0.256879 -0.044715
v 0.425472 0.244273 -0.053439
v 0.414282 0.243073 -0.055080
v 0.460251 0.219847 -0.072582
v 0.479671 0.226177 -0.072709
v 0.480112 0.208792 -0.071932
v 0.460439 0.202433 -0.069416
v 0.445869 0.182892 -0.057376
v 0.462152 0.188044 -0.062360
v 0.464758 0.177446 -0.050786
v 0.448981 0.173951 -0.044014
v 0.391841 0.174941 -0.041344
v 0.407451 0.175905 -0.042715
v 0.406856 0.172249 -0.028963
v 0.390841 0.172448 -0.028044
v 0.403170 0.182904 -0.001330
v 0.402625 0.194693 0.007725
v 0.386679 0.194851 0.009278
v 0.387365 0.183187 -0.000255
v 0.390755 0.252769 -0.005424
v 0.404849 0.252475 -0.004662
v 0.404568 0.260723 -0.019759
v 0.390620 0.259285 -0.021887
v 0.444325 0.213873 -0.072054
v 0.441917 0.195849 -0.066761
v 0.417452 0.181971 -0.003306
v 0.431333 0.180628 -0.006435
v 0.429496 0.192214 0.002722
v 0.416268 0.193674 0.005582
v 0.414626 0.222698 0.007692
v 0.427849 0.220512 0.004990
v 0.428252 0.235692 0.002789
v 0.416290 0.237274 0.004061
v 0.416541 0.251553 -0.003847
v 0.429106 0.250648 -0.002913
v 0.429308 0.261478 -0.014911
v 0.416503 0.261222 -0.017162
v 0.434002 0.211549 -0.070948
v 0.425398 0.208302 -0.069923
v 0.423639 0.220944 -0.067465
v 0.432386 0.224812 -0.067624
v 0.435008 0.172125 -0.037247
v 0.433118 0.179558 -0.050739
v 0.442216 0.218563 0.002139
v 0.428460 0.206152 0.006381
v 0.442871 0.204118 0.002686
v 0.428799 0.264164 -0.030322
v 0.392942 0.180678 -0.052277
v 0.376208 0.177542 -0.051400
v 0.376779 0.185678 -0.060956
v 0.393210 0.188431 -0.061546
v 0.374801 0.172459 -0.039774
v 0.372729 0.171503 -0.026584
v 0.367570 0.195141 0.010848
v 0.368560 0.183345 0.001194
v 0.367195 0.209855 0.015659
v 0.386705 0.209702 0.013666
v 0.386575 0.225016 0.012523
v 0.366555 0.225270 0.015075
v 0.367839 0.252335 -0.005132
v 0.369087 0.257656 -0.021831
v 0.390945 0.256990 -0.036694
v 0.371298 0.255038 -0.037649
v 0.405155 0.175070 -0.014228
v 0.419481 0.173959 -0.016542
v 0.543028 0.237083 -0.071348
v 0.564727 0.238707 -0.069041
v 0.563692 0.225184 -0.074040
v 0.542464 0.222474 -0.075273
v 0.563639 0.211735 -0.075074
v 0.584245 0.214973 -0.073730
v 0.528042 0.236169 -0.003933
v 0.548542 0.232638 -0.006478
v 0.588772 0.237611 -0.014088
v 0.442750 0.233745 0.001704
v 0.459866 0.231534 0.001063
v 0.413797 0.230823 -0.062052
v 0.403711 0.229057 -0.063914
v 0.403432 0.241253 -0.056714
v 0.443196 0.230790 -0.066827
v 0.439336 0.244257 -0.053960
v 0.459874 0.251100 -0.051756
v 0.459713 0.237783 -0.065663
v 0.416334 0.205093 -0.068752
v 0.405900 0.202349 -0.068295
v 0.404793 0.215935 -0.068430
v 0.414905 0.218323 -0.067673
v 0.388565 0.239976 0.006407
v 0.403739 0.238740 0.005055
v 0.374650 0.237352 -0.061117
v 0.374041 0.247514 -0.050949
v 0.391383 0.249667 -0.048766
v 0.391139 0.239361 -0.058409
v 0.404079 0.252328 -0.047455
v 0.375069 0.224765 -0.067996
v 0.391466 0.227152 -0.065664
v 0.366739 0.240555 0.008361
v 0.392709 0.199991 -0.068051
v 0.376284 0.197366 -0.068193
v 0.375740 0.211165 -0.070492
v 0.392165 0.213678 -0.069209
v 0.542942 0.208066 -0.075041
v 0.522373 0.203929 -0.073577
v 0.449010 0.172078 -0.026485
v 0.465422 0.172617 -0.034076
v 0.433837 0.172778 -0.020592
v 0.546176 0.181560 -0.045391
v 0.566445 0.184691 -0.049500
v 0.504635 0.177496 -0.033272
v 0.525545 0.179222 -0.039774
v 0.500884 0.246370 -0.064010
v 0.419520 0.184718 -0.055984
v 0.429998 0.188074 -0.060538
v 0.420844 0.177123 -0.045887
v 0.369989 0.175358 -0.011790
v 0.389072 0.175496 -0.013410
v 0.433306 0.200742 -0.069256
v 0.345607 0.174742 -0.010481
v 0.441974 0.259258 -0.042628
v 0.404469 0.259979 -0.034806
v 0.416393 0.262182 -0.032608
v 0.589430 0.252619 -0.031738
v 0.506589 0.239928 -0.001814
v 0.458987 0.215693 0.000184
v 0.459703 0.201206 -0.001412
v 0.407486 0.182505 -0.053508
v 0.406959 0.190375 -0.062551
v 0.417689 0.193076 -0.064213
v 0.402197 0.209317 0.011728
v 0.401464 0.224401 0.010205
v 0.586229 0.188369 -0.052187
v 0.415617 0.207940 0.009421
v 0.461186 0.262167 -0.039030
v 0.206653 0.157016 -0.004664
v 0.203187 0.275833 -0.011796
v 0.199094 0.271354 -0.032831
v 0.206265 0.206254 0.040606
v 0.205401 0.174187 -0.067160
v 0.207316 0.168504 -0.064680
v 0.197374 0.260739 -0.049174
v 0.195915 0.250018 -0.060649
v 0.196433 0.237592 -0.068456
v 0.197584 0.224902 -0.073058
v 0.204653 0.181381 -0.069804
v 0.218983 0.267104 0.009823
v 0.222032 0.163138 -0.009998
v 0.225813 0.158323 -0.022391
v 0.227730 0.154860 -0.034395
v 0.228291 0.154894 -0.044610
v 0.218363 0.189480 0.029580
v 0.220820 0.207497 0.034613
v 0.216643 0.273756 -0.012373
v 0.212514 0.269703 -0.032986
v 0.234187 0.181839 -0.070110
v 0.221850 0.174906 -0.066658
v 0.219472 0.179883 -0.069007
v 0.209082 0.250084 -0.060464
v 0.210030 0.260654 -0.048944
v 0.212271 0.216141 -0.074194
v 0.210168 0.228318 -0.071943
v 0.217883 0.186624 -0.071183
v 0.426730 0.196835 -0.066823
v 0.237888 0.177899 -0.068365
v 0.246117 0.188313 -0.072702
v 0.251382 0.183825 -0.071423
v 0.301141 0.216294 -0.073055
v 0.423398 0.232606 -0.060627
v 0.431239 0.234189 -0.060425
v 0.479723 0.243003 -0.064748
v 0.480964 0.255426 -0.051031
v 0.502612 0.257122 -0.050273
v 0.485510 0.258221 -0.008687
v 0.483975 0.244339 -0.000684
v 0.480762 0.197539 -0.005494
v 0.481572 0.193961 -0.066882
v 0.628503 0.241259 -0.017988
v 0.648248 0.237913 -0.016613
v 0.649270 0.245366 -0.024897
v 0.629133 0.247574 -0.027595
v 0.667471 0.234959 -0.014441
v 0.647082 0.227997 -0.013238
v 0.665729 0.224646 -0.012983
v 0.645597 0.218061 -0.014940
v 0.663873 0.215606 -0.015935
v 0.662423 0.208104 -0.022154
v 0.644490 0.209446 -0.020224
v 0.644496 0.203242 -0.027752
v 0.662384 0.203103 -0.030141
v 0.625494 0.197731 -0.034066
v 0.625690 0.194248 -0.044564
v 0.644965 0.197367 -0.046455
v 0.644832 0.199124 -0.036807
v 0.663392 0.208106 -0.063243
v 0.644855 0.204585 -0.064286
v 0.644924 0.213540 -0.068084
v 0.663665 0.216115 -0.066441
v 0.626594 0.231835 -0.066306
v 0.646822 0.234349 -0.064365
v 0.645688 0.223956 -0.067634
v 0.625290 0.220832 -0.069717
v 0.665431 0.236707 -0.063775
v 0.648107 0.242237 -0.057389
v 0.666549 0.244144 -0.055858
v 0.608162 0.234511 -0.013803
v 0.608940 0.244239 -0.019954
v 0.589386 0.247087 -0.021245
v 0.625549 0.210852 -0.017788
v 0.626360 0.220476 -0.013527
v 0.607039 0.223328 -0.012537
v 0.606166 0.212657 -0.015534
v 0.586419 0.188962 -0.038988
v 0.606169 0.191712 -0.042083
v 0.605828 0.196475 -0.031043
v 0.625294 0.203357 -0.024876
v 0.605748 0.203745 -0.022024
v 0.625545 0.195149 -0.055558
v 0.644870 0.198968 -0.056367
v 0.629397 0.249094 -0.038851
v 0.649493 0.247813 -0.036057
v 0.649217 0.246255 -0.047148
v 0.629047 0.246795 -0.049791
v 0.605927 0.191929 -0.054019
v 0.609173 0.250789 -0.041465
v 0.608603 0.247560 -0.052832
v 0.627949 0.241215 -0.059749
v 0.607363 0.240308 -0.062738
v 0.668323 0.247315 -0.033467
v 0.668480 0.243467 -0.022134
v 0.609321 0.250236 -0.029857
v 0.625215 0.200849 -0.064772
v 0.605408 0.197352 -0.064410
v 0.604895 0.206777 -0.070787
v 0.624930 0.210193 -0.069728
v 0.584873 0.227411 -0.071598
v 0.605888 0.229427 -0.068953
v 0.604879 0.217896 -0.071745
v 0.664366 0.226212 -0.066666
v 0.586255 0.239489 -0.065960
v 0.676358 0.202645 -0.031753
v 0.676716 0.201504 -0.040539
v 0.676895 0.202240 -0.049829
v 0.677048 0.204983 -0.057930
v 0.678803 0.237121 -0.063474
v 0.677839 0.226757 -0.067902
v 0.678712 0.212478 -0.015455
v 0.676989 0.206530 -0.023395
v 0.680975 0.222276 -0.012133
v 0.677360 0.216850 -0.067248
v 0.677152 0.209648 -0.063729
v 0.680105 0.243576 -0.053974
v 0.681493 0.246169 -0.043322
v 0.682816 0.232417 -0.013348
v 0.683798 0.241156 -0.020452
v 0.683085 0.246446 -0.031608
v 0.662919 0.200557 -0.038970
v 0.663054 0.200698 -0.048350
v 0.667540 0.246890 -0.044938
v 0.663132 0.203106 -0.056893
v 0.290932 0.226311 0.019975
v 0.291870 0.209614 0.021139
v 0.292656 0.260026 -0.022231
v 0.288191 0.256140 -0.043833
v 0.501845 0.199375 -0.070772
v 0.627509 0.231316 -0.013051
v 0.255667 0.255644 -0.051827
v 0.269366 0.249808 -0.056446
v 0.277494 0.240167 -0.063468
v 0.281647 0.228003 -0.069710
v 0.281052 0.214784 -0.073841
v 0.275420 0.201783 -0.074942
v 0.264296 0.191515 -0.073842
v 0.224357 0.172428 -0.064666
v 0.209934 0.165323 -0.062218
v 0.203392 0.190081 -0.072423
v 0.199141 0.212922 -0.075047
v 0.251828 0.202391 -0.074909
v 0.262347 0.203219 -0.075027
v 0.255816 0.194871 -0.074433
v 0.249925 0.196255 -0.074328
v 0.265423 0.213411 -0.074230
v 0.251935 0.220762 -0.073154
v 0.265328 0.224684 -0.071711
v 0.252721 0.211368 -0.074694
v 0.262132 0.235087 -0.067710
v 0.249523 0.230383 -0.070531
v 0.256426 0.243525 -0.063356
v 0.246041 0.238289 -0.067134
v 0.242825 0.243419 -0.064208
v 0.247716 0.248789 -0.060046
v 0.209379 0.239149 -0.067478
v 0.222117 0.241488 -0.065889
v 0.234382 0.242680 -0.064757
v 0.216463 0.195075 -0.073218
v 0.229150 0.201818 -0.074317
v 0.241065 0.207194 -0.074751
v 0.239783 0.216477 -0.073968
v 0.227541 0.211115 -0.074486
v 0.214545 0.204878 -0.074324
v 0.200972 0.200180 -0.074208
v 0.421042 0.171835 -0.032159
