v 0.124162 -1.154639 0.152920
v 0.122939 -1.150142 0.152382
v 0.118429 -1.150013 0.153275
v 0.117159 -1.155183 0.154260
v 0.083876 -1.155007 0.164657
v 0.081933 -1.144634 0.166933
v 0.073579 -1.146209 0.164614
v 0.072482 -1.158187 0.162348
v 0.102123 -1.155566 0.162903
v 0.103170 -1.158861 0.159410
v 0.108124 -1.158869 0.158762
v 0.110119 -1.155568 0.162090
v 0.145926 -1.151258 0.122096
v 0.145932 -1.155828 0.119559
v 0.150216 -1.155568 0.117801
v 0.151525 -1.151739 0.119072
v 0.132003 -1.154606 0.141051
v 0.132304 -1.159054 0.137977
v 0.136442 -1.158419 0.136382
v 0.138170 -1.155138 0.138052
v 0.085395 -1.140750 0.143020
v 0.071323 -1.139571 0.140502
v 0.071917 -1.144300 0.154872
v 0.084332 -1.141977 0.157197
v 0.065820 -1.153390 0.150870
v 0.064995 -1.150639 0.135186
v 0.072271 -1.158406 0.133844
v 0.073069 -1.158213 0.148124
v 0.085174 -1.158443 0.137076
v 0.084783 -1.158301 0.149983
v 0.092093 -1.151232 0.141425
v 0.093038 -1.150865 0.155730
v 0.111644 -1.150272 0.142462
v 0.106843 -1.142839 0.143503
v 0.108564 -1.146973 0.155702
v 0.114480 -1.153216 0.154058
v 0.095706 -1.143470 0.145278
v 0.100320 -1.147203 0.156948
v 0.092024 -1.153610 0.144164
v 0.097349 -1.158813 0.140355
v 0.100194 -1.158857 0.152994
v 0.094721 -1.154014 0.157109
v 0.106806 -1.157930 0.139684
v 0.109236 -1.158922 0.151522
v 0.124440 -1.143001 0.135902
v 0.113709 -1.143967 0.138526
v 0.116442 -1.148314 0.147810
v 0.124088 -1.147910 0.146513
v 0.111885 -1.156000 0.147977
v 0.110201 -1.153938 0.138363
v 0.115601 -1.158430 0.135355
v 0.117355 -1.159056 0.145800
v 0.125112 -1.157579 0.133833
v 0.124865 -1.159072 0.144897
v 0.129331 -1.149590 0.135722
v 0.128917 -1.153372 0.146079
v 0.144212 -1.149393 0.121600
v 0.140729 -1.142475 0.122441
v 0.139374 -1.147490 0.132139
v 0.142261 -1.153560 0.130985
v 0.132706 -1.143139 0.126449
v 0.133271 -1.147099 0.134388
v 0.128417 -1.151734 0.135457
v 0.129364 -1.149042 0.128611
v 0.131789 -1.157429 0.124412
v 0.130661 -1.159094 0.132731
v 0.140113 -1.157221 0.120584
v 0.138317 -1.159112 0.130465
v 0.154938 -1.142031 0.105720
v 0.153472 -1.145055 0.114130
v 0.155172 -1.150805 0.112428
v 0.156165 -1.149053 0.102389
v 0.148139 -1.141515 0.110812
v 0.147688 -1.144485 0.117034
v 0.143517 -1.149438 0.117309
v 0.145272 -1.147349 0.112180
v 0.145127 -1.155755 0.108469
v 0.144214 -1.156572 0.114662
v 0.151764 -1.155139 0.103960
v 0.151435 -1.156548 0.112221
v 0.089657 -1.139939 0.128788
v 0.071879 -1.135869 0.125870
v 0.074925 -1.158231 0.157785
v 0.065701 -1.148654 0.120516
v 0.081527 -1.158167 0.158673
v 0.089618 -1.158461 0.124973
v 0.073607 -1.157785 0.119104
v 0.091064 -1.151197 0.135378
v 0.108340 -1.150016 0.161795
v 0.109731 -1.158156 0.123230
v 0.109705 -1.151725 0.132778
v 0.103345 -1.150093 0.162396
v 0.108476 -1.140133 0.127138
v 0.126567 -1.140968 0.118070
v 0.119057 -1.158883 0.151478
v 0.123099 -1.158976 0.150858
v 0.128358 -1.157821 0.116332
v 0.129974 -1.148019 0.126402
v 0.137648 -1.150400 0.137858
v 0.143104 -1.156897 0.105089
v 0.145723 -1.147183 0.112301
v 0.134057 -1.150241 0.139232
v 0.143357 -1.139391 0.106455
v 0.150805 -1.148232 0.118711
v 0.152870 -1.155718 0.093358
v 0.158078 -1.147804 0.090211
v 0.147817 -1.147566 0.120622
v 0.155140 -1.139261 0.094852
v 0.080040 -1.065578 0.012630
v 0.092583 -1.065411 0.016540
v 0.105678 -1.065125 0.010849
v 0.129162 -1.084011 -0.028475
v 0.126394 -1.082920 -0.046403
v 0.114695 -1.082602 -0.056245
v 0.105627 -1.082309 -0.066851
v 0.095761 -1.082074 -0.076738
v 0.068030 -1.087836 0.005602
v 0.078326 -1.085023 0.022780
v 0.092246 -1.083061 0.028761
v 0.107818 -1.083602 0.021045
v 0.068130 -1.130549 0.109117
v 0.086670 -1.128194 0.110653
v 0.083066 -1.119207 0.091306
v 0.068333 -1.129466 0.087847
v 0.104857 -1.131070 0.107133
v 0.102149 -1.119198 0.087674
v 0.122579 -1.132558 0.099263
v 0.119232 -1.122774 0.079796
v 0.139253 -1.133703 0.089141
v 0.134791 -1.126754 0.070272
v 0.153557 -1.136106 0.079866
v 0.148833 -1.132486 0.060749
v 0.160002 -1.145760 0.074911
v 0.156926 -1.142492 0.055257
v 0.062541 -1.147316 0.103472
v 0.064684 -1.144983 0.082374
v 0.072718 -1.158646 0.100445
v 0.074362 -1.158512 0.079604
v 0.089732 -1.158962 0.099750
v 0.090289 -1.158676 0.077962
v 0.151974 -1.155031 0.057263
v 0.153677 -1.156992 0.077418
v 0.108695 -1.158535 0.095733
v 0.108575 -1.157449 0.073693
v 0.126330 -1.159149 0.089695
v 0.125557 -1.158067 0.067773
v 0.141292 -1.159106 0.083077
v 0.140151 -1.158181 0.061843
v 0.079061 -1.112367 0.067299
v 0.098306 -1.106071 0.066952
v 0.114657 -1.110751 0.058055
v 0.129904 -1.117364 0.047396
v 0.143237 -1.127156 0.037336
v 0.152268 -1.138112 0.032276
v 0.129068 -1.105234 0.019040
v 0.138075 -1.124420 0.011154
v 0.144667 -1.136636 0.008747
v 0.139160 -1.135529 -0.015143
v 0.135532 -1.122212 -0.014949
v 0.127096 -1.121479 -0.056458
v 0.131395 -1.121018 -0.038303
v 0.136084 -1.134575 -0.038974
v 0.132092 -1.136167 -0.058129
v 0.130614 -1.104602 -0.009652
v 0.128087 -1.103110 -0.033389
v 0.122165 -1.102165 -0.050362
v 0.115583 -1.136741 -0.080690
v 0.114032 -1.120478 -0.080541
v 0.122053 -1.121390 -0.069283
v 0.126131 -1.136686 -0.071037
v 0.099081 -1.138665 -0.085305
v 0.097877 -1.121808 -0.087602
v 0.081515 -1.124751 -0.076516
v 0.082331 -1.140703 -0.076250
v 0.109462 -1.100884 -0.073423
v 0.115790 -1.101931 -0.062481
v 0.097130 -1.101100 -0.081183
v 0.082393 -1.103913 -0.072522
v 0.074050 -1.126409 -0.057514
v 0.076046 -1.105791 -0.055173
v 0.073465 -1.141745 -0.058490
v 0.069198 -1.127962 0.062983
v 0.069359 -1.141107 0.058321
v 0.111865 -1.096450 0.038032
v 0.094124 -1.094290 0.046159
v 0.075608 -1.102423 0.038787
v 0.067424 -1.125017 0.035972
v 0.071875 -1.139354 0.031875
v 0.066293 -1.125955 0.010484
v 0.072843 -1.138778 0.008012
v 0.077630 -1.151515 0.055301
v 0.080894 -1.146063 0.029405
v 0.081026 -1.145140 0.005853
v 0.066687 -1.126431 -0.011215
v 0.071574 -1.139547 -0.012808
v 0.069868 -1.126168 -0.028804
v 0.071381 -1.140216 -0.029567
v 0.071540 -1.141082 -0.043424
v 0.072127 -1.126461 -0.042668
v 0.069751 -1.107255 -0.029755
v 0.072725 -1.106143 -0.042091
v 0.066734 -1.108544 -0.012111
v 0.066696 -1.106929 0.010855
v 0.148737 -1.151219 0.033609
v 0.143270 -1.147809 0.009741
v 0.137044 -1.145384 -0.013703
v 0.133014 -1.146380 -0.037024
v 0.127234 -1.147833 -0.054934
v 0.121190 -1.148287 -0.066299
v 0.112377 -1.147900 -0.074673
v 0.098772 -1.147914 -0.077020
v 0.086415 -1.149362 -0.071237
v 0.080157 -1.151200 -0.057272
v 0.078150 -1.151936 -0.044122
v 0.079211 -1.147667 -0.014874
v 0.077764 -1.150743 -0.030920
v 0.063458 -1.088747 -0.014280
v 0.066646 -1.087611 -0.031529
v 0.071052 -1.086517 -0.042886
v 0.082463 -1.083861 -0.069421
v 0.076648 -1.085140 -0.053697
v 0.091573 -1.155116 0.052648
v 0.108647 -1.154466 0.048308
v 0.124689 -1.154917 0.042664
v 0.138061 -1.154903 0.037490
v 0.134568 -1.151942 0.012779
v 0.122353 -1.152166 0.016744
v 0.107105 -1.152196 0.021600
v 0.092257 -1.149930 0.026454
v 0.128939 -1.150602 -0.010523
v 0.118051 -1.151685 -0.006678
v 0.104100 -1.151753 -0.002873
v 0.091235 -1.149938 0.002459
v 0.088410 -1.152776 -0.018466
v 0.099712 -1.153432 -0.024118
v 0.112363 -1.152796 -0.027683
v 0.122866 -1.151159 -0.032437
v 0.117663 -1.151675 -0.049305
v 0.107792 -1.152859 -0.043946
v 0.096397 -1.153844 -0.039964
v 0.086938 -1.153960 -0.034852
v 0.113318 -1.151611 -0.059188
v 0.099282 -1.151450 -0.069279
v 0.107664 -1.151422 -0.066091
v 0.091081 -1.152721 -0.066175
v 0.087729 -1.153667 -0.056413
v 0.086753 -1.154164 -0.046042
v 0.094720 -1.153164 -0.056926
v 0.095238 -1.153563 -0.049405
v 0.105159 -1.152527 -0.053426
v 0.102394 -1.152144 -0.060046
v 0.095044 -1.152548 -0.062587
v 0.098971 -1.152064 -0.064074
v 0.120418 -1.086862 -0.000190
