v -0.126710 -1.156851 0.154991
v -0.119562 -1.157760 0.156848
v -0.120945 -1.152294 0.155668
v -0.125486 -1.152368 0.154697
v -0.087731 -1.156462 0.165956
v -0.075955 -1.159628 0.164197
v -0.077405 -1.147802 0.166459
v -0.085796 -1.146286 0.168027
v -0.105570 -1.157752 0.165145
v -0.113648 -1.157700 0.164304
v -0.111276 -1.161409 0.161196
v -0.106225 -1.161137 0.161764
v -0.147283 -1.153882 0.124623
v -0.152782 -1.154543 0.122012
v -0.151336 -1.158003 0.120137
v -0.147420 -1.158488 0.121995
v -0.134539 -1.157158 0.143289
v -0.140218 -1.157661 0.140398
v -0.138576 -1.161016 0.138403
v -0.134809 -1.161644 0.140002
v -0.088961 -1.140967 0.145375
v -0.088462 -1.142742 0.159468
v -0.075232 -1.144565 0.157166
v -0.073855 -1.139234 0.143259
v -0.068817 -1.153798 0.153105
v -0.076505 -1.159428 0.150154
v -0.074744 -1.159222 0.135790
v -0.067235 -1.150608 0.137676
v -0.088993 -1.160099 0.151972
v -0.088581 -1.159886 0.138827
v -0.096234 -1.152201 0.142981
v -0.097776 -1.152261 0.157793
v -0.115266 -1.151844 0.144693
v -0.118278 -1.155041 0.156534
v -0.112573 -1.148576 0.157948
v -0.110446 -1.144146 0.145669
v -0.104189 -1.148955 0.159258
v -0.099133 -1.144424 0.147507
v -0.095378 -1.154616 0.145685
v -0.098031 -1.155668 0.159348
v -0.102840 -1.160821 0.155023
v -0.100104 -1.160111 0.141878
v -0.109572 -1.159664 0.141641
v -0.112186 -1.161099 0.153819
v -0.127404 -1.144726 0.138098
v -0.126705 -1.150096 0.148905
v -0.119137 -1.150383 0.150008
v -0.117031 -1.145443 0.140551
v -0.114481 -1.158069 0.150156
v -0.119729 -1.161518 0.147988
v -0.117822 -1.160080 0.137377
v -0.112957 -1.155570 0.140491
v -0.127425 -1.159332 0.135890
v -0.127116 -1.161843 0.147038
v -0.132139 -1.151322 0.138068
v -0.131424 -1.155861 0.148247
v -0.146140 -1.151675 0.124007
v -0.144150 -1.156369 0.133711
v -0.141374 -1.150653 0.135178
v -0.142985 -1.144994 0.125190
v -0.135504 -1.149825 0.137220
v -0.135129 -1.145361 0.129363
v -0.131066 -1.154324 0.137748
v -0.133061 -1.161491 0.134803
v -0.133763 -1.159442 0.126612
v -0.131886 -1.151478 0.131212
v -0.140002 -1.161806 0.132697
v -0.141755 -1.159328 0.122720
v -0.155871 -1.144864 0.107916
v -0.157403 -1.151828 0.104713
v -0.156158 -1.153255 0.114552
v -0.154181 -1.147737 0.116101
v -0.148919 -1.147076 0.119411
v -0.149538 -1.144046 0.113236
v -0.144961 -1.151702 0.119403
v -0.145650 -1.158779 0.116652
v -0.146490 -1.157838 0.110472
v -0.146775 -1.149898 0.114370
v -0.152404 -1.158736 0.114461
v -0.152903 -1.157247 0.105972
v -0.073503 -1.135156 0.128906
v -0.092668 -1.139977 0.131570
v -0.078730 -1.159695 0.159718
v -0.067022 -1.148433 0.122925
v -0.085699 -1.160155 0.160412
v -0.092013 -1.159465 0.126585
v -0.075160 -1.158422 0.120954
v -0.094556 -1.152191 0.136752
v -0.112116 -1.152178 0.163955
v -0.112620 -1.153018 0.134972
v -0.111814 -1.159667 0.125319
v -0.107274 -1.152252 0.164681
v -0.111410 -1.140787 0.129676
v -0.129089 -1.141868 0.120408
v -0.121388 -1.161528 0.153844
v -0.125291 -1.161699 0.153094
v -0.130307 -1.159524 0.118332
v -0.132493 -1.150333 0.129107
v -0.139769 -1.153470 0.140645
v -0.147547 -1.149692 0.114755
v -0.144658 -1.158882 0.107005
v -0.136388 -1.152667 0.141584
v -0.145256 -1.140911 0.108776
v -0.151798 -1.150869 0.121137
v -0.159051 -1.150104 0.092387
v -0.154100 -1.157925 0.095373
v -0.149035 -1.150076 0.123071
v -0.156597 -1.141528 0.097211
v -0.083437 -1.064450 0.013875
v -0.109584 -1.065315 0.010551
v -0.096273 -1.065289 0.016574
v -0.127990 -1.083524 -0.046829
v -0.131946 -1.083777 -0.027548
v -0.116186 -1.082754 -0.056295
v -0.096588 -1.081400 -0.077619
v -0.106830 -1.081924 -0.067076
v -0.081481 -1.083985 0.024423
v -0.071744 -1.086075 0.006047
v -0.095825 -1.083356 0.029567
v -0.112343 -1.083514 0.022085
v -0.068731 -1.130072 0.112056
v -0.069106 -1.128956 0.090421
v -0.084185 -1.118616 0.094393
v -0.088218 -1.128297 0.113626
v -0.103902 -1.119700 0.090146
v -0.107005 -1.131507 0.109537
v -0.121496 -1.122845 0.082232
v -0.124775 -1.132849 0.101725
v -0.137157 -1.126868 0.072662
v -0.141124 -1.134674 0.091517
v -0.150457 -1.134038 0.062918
v -0.154819 -1.138028 0.082066
v -0.158617 -1.144331 0.057395
v -0.161421 -1.147834 0.076917
v -0.063249 -1.147089 0.105681
v -0.064897 -1.144724 0.084854
v -0.073326 -1.159125 0.102394
v -0.074684 -1.158713 0.081538
v -0.090920 -1.159844 0.101558
v -0.091012 -1.159277 0.079759
v -0.153423 -1.157176 0.058915
v -0.154869 -1.159214 0.079093
v -0.109870 -1.159943 0.097654
v -0.109294 -1.158509 0.075531
v -0.127459 -1.161020 0.091581
v -0.126414 -1.159518 0.069507
v -0.142398 -1.161344 0.084825
v -0.141167 -1.160092 0.063464
v -0.080367 -1.111510 0.070324
v -0.100421 -1.106293 0.069576
v -0.117800 -1.110514 0.060460
v -0.132541 -1.117668 0.049654
v -0.144635 -1.128606 0.039540
v -0.153697 -1.139377 0.034649
v -0.131961 -1.105280 0.021334
v -0.139090 -1.125348 0.013306
v -0.145981 -1.137472 0.010872
v -0.135543 -1.122908 -0.013102
v -0.139685 -1.136017 -0.013215
v -0.127173 -1.121737 -0.055509
v -0.132563 -1.136348 -0.056923
v -0.135743 -1.134916 -0.037172
v -0.131185 -1.121434 -0.037090
v -0.131386 -1.104513 -0.007910
v -0.129067 -1.102823 -0.032864
v -0.123754 -1.102164 -0.050634
v -0.116963 -1.136695 -0.080759
v -0.127066 -1.136915 -0.070529
v -0.122648 -1.121640 -0.068712
v -0.114792 -1.120530 -0.080467
v -0.098832 -1.121032 -0.088184
v -0.100363 -1.137693 -0.085108
v -0.082404 -1.123135 -0.077975
v -0.083322 -1.139423 -0.077239
v -0.110221 -1.100808 -0.073555
v -0.117058 -1.101933 -0.062587
v -0.098061 -1.100304 -0.082193
v -0.083230 -1.102306 -0.073909
v -0.079889 -1.103967 -0.056862
v -0.077700 -1.125028 -0.059162
v -0.075697 -1.140509 -0.059648
v -0.070195 -1.127287 0.065146
v -0.070225 -1.140659 0.060502
v -0.115874 -1.096522 0.039909
v -0.096906 -1.094468 0.048324
v -0.077941 -1.101856 0.040952
v -0.069447 -1.124247 0.037668
v -0.073909 -1.138618 0.033451
v -0.075620 -1.137956 0.008883
v -0.069375 -1.125054 0.011400
v -0.078269 -1.151594 0.057024
v -0.082420 -1.145949 0.030763
v -0.083216 -1.144792 0.006721
v -0.074650 -1.138646 -0.012650
v -0.070407 -1.125310 -0.011097
v -0.074958 -1.138993 -0.029976
v -0.073691 -1.124540 -0.028992
v -0.075827 -1.124617 -0.043396
v -0.074622 -1.139761 -0.044245
v -0.073608 -1.104795 -0.029524
v -0.076679 -1.103775 -0.042460
v -0.070069 -1.106499 -0.011352
v -0.069897 -1.105517 0.012063
v -0.149897 -1.152828 0.035634
v -0.144128 -1.148938 0.011847
v -0.137718 -1.145976 -0.011886
v -0.133169 -1.146291 -0.035506
v -0.127625 -1.147691 -0.053848
v -0.121876 -1.148108 -0.065451
v -0.100030 -1.147089 -0.077130
v -0.113455 -1.147468 -0.074289
v -0.087811 -1.148330 -0.071748
v -0.081985 -1.150106 -0.057574
v -0.080572 -1.150874 -0.044607
v -0.081653 -1.147181 -0.014539
v -0.080441 -1.149902 -0.030944
v -0.067111 -1.086957 -0.014604
v -0.070355 -1.086042 -0.032460
v -0.075321 -1.084889 -0.044520
v -0.082989 -1.082283 -0.071615
v -0.079083 -1.083486 -0.055965
v -0.092233 -1.155629 0.054268
v -0.109384 -1.155352 0.050051
v -0.125488 -1.156240 0.044435
v -0.138979 -1.156477 0.039322
v -0.135458 -1.153123 0.014783
v -0.123325 -1.153300 0.018538
v -0.108242 -1.153071 0.023116
v -0.093486 -1.150375 0.027772
v -0.129722 -1.151183 -0.008793
v -0.119050 -1.152318 -0.005117
v -0.105548 -1.152373 -0.001612
v -0.092951 -1.150166 0.003445
v -0.090439 -1.152603 -0.018035
v -0.101435 -1.153516 -0.023494
v -0.113335 -1.152905 -0.026767
v -0.123565 -1.151182 -0.031187
v -0.118499 -1.151423 -0.048293
v -0.108892 -1.152625 -0.043254
v -0.098190 -1.153522 -0.039414
v -0.089199 -1.153377 -0.034793
v -0.114125 -1.151210 -0.058413
v -0.100623 -1.150759 -0.069117
v -0.108561 -1.150834 -0.065647
v -0.092559 -1.151857 -0.066350
v -0.089421 -1.152783 -0.056441
v -0.088819 -1.153390 -0.046072
v -0.096923 -1.153021 -0.049055
v -0.096266 -1.152467 -0.056618
v -0.106376 -1.152140 -0.052599
v -0.103588 -1.151587 -0.059475
v -0.096565 -1.151818 -0.062452
v -0.100283 -1.151397 -0.063738
v -0.124524 -1.086149 0.001770
