v -0.126484 -0.368743 -0.078899
v -0.183874 -0.396785 0.053616
v -0.190485 -0.389234 0.013237
v -0.185434 -0.426126 0.012747
v -0.180850 -0.433732 0.050774
v -0.151984 -0.418922 -0.048127
v -0.156184 -0.388776 -0.053417
v -0.124485 -0.390499 -0.070927
v -0.121072 -0.416399 -0.064403
v -0.053106 -0.372419 -0.075666
v -0.163962 -0.440020 0.087299
v -0.165446 -0.402683 0.090471
v -0.134474 -0.444976 0.115510
v -0.099128 -0.443720 0.125102
v -0.102009 -0.411833 0.128767
v -0.136746 -0.410147 0.117990
v -0.026111 -0.355103 0.106815
v -0.010634 -0.367771 0.082032
v -0.083481 -0.407160 -0.071543
v -0.041286 -0.391232 -0.063172
v -0.052628 -0.432723 -0.058929
v -0.087643 -0.440425 -0.064270
v -0.147519 -0.449878 -0.044372
v -0.168486 -0.453413 -0.021218
v -0.174914 -0.420464 -0.022484
v -0.179275 -0.460654 0.011910
v -0.175866 -0.468126 0.049301
v -0.130088 -0.478262 0.111496
v -0.095048 -0.475975 0.119479
v -0.015188 -0.434458 0.082415
v -0.035925 -0.438772 0.102987
v -0.034239 -0.464566 0.094182
v -0.015053 -0.458510 0.071500
v -0.102754 -0.295176 0.118109
v -0.072963 -0.313775 0.123806
v -0.014177 -0.398734 -0.034933
v -0.002876 -0.410372 -0.004124
v -0.007525 -0.437660 -0.012833
v -0.023586 -0.431948 -0.040453
v -0.180501 -0.385897 -0.024760
v -0.125251 -0.509651 0.105882
v -0.119439 -0.538925 0.099552
v -0.086235 -0.537147 0.104803
v -0.090592 -0.507317 0.112514
v -0.008786 -0.480489 0.034371
v -0.016690 -0.486062 0.060182
v -0.019559 -0.514557 0.049324
v -0.013929 -0.509952 0.023960
v -0.018142 -0.539887 0.016114
v -0.022277 -0.545144 0.041379
v -0.023017 -0.574323 0.032173
v -0.020841 -0.568550 0.008194
v -0.159130 -0.476012 0.085806
v -0.163286 -0.531224 0.047081
v -0.147505 -0.537583 0.078194
v -0.153269 -0.507805 0.082475
v -0.169559 -0.501074 0.049010
v -0.120274 -0.447063 -0.058105
v -0.004881 -0.452689 0.045663
v -0.003171 -0.429649 0.057260
v -0.023360 -0.503637 -0.024760
v -0.040672 -0.501856 -0.045475
v -0.032862 -0.468763 -0.043269
v -0.015080 -0.470950 -0.019486
v -0.144199 -0.509213 -0.040112
v -0.160342 -0.514475 -0.016618
v -0.164195 -0.484787 -0.017964
v -0.145796 -0.480091 -0.041231
v -0.172963 -0.492583 0.013937
v -0.166741 -0.522686 0.013850
v -0.151631 -0.588770 0.043280
v -0.134446 -0.593884 0.070162
v -0.141273 -0.566269 0.073965
v -0.157297 -0.560444 0.045309
v -0.156643 -0.580033 0.012208
v -0.161322 -0.551579 0.013139
v -0.156715 -0.543251 -0.016213
v -0.153245 -0.571628 -0.015720
v -0.139455 -0.565041 -0.036976
v -0.142118 -0.537105 -0.038850
v -0.121074 -0.533555 -0.054078
v -0.120615 -0.560718 -0.051790
v -0.095955 -0.531121 -0.060459
v -0.070310 -0.530182 -0.057563
v -0.074935 -0.557677 -0.056125
v -0.098164 -0.558458 -0.058073
v -0.036010 -0.561291 -0.033545
v -0.052982 -0.558715 -0.048449
v -0.047108 -0.531332 -0.047162
v -0.030279 -0.533691 -0.029202
v -0.054968 -0.669999 -0.047075
v -0.072741 -0.667383 -0.051046
v -0.067476 -0.639124 -0.050789
v -0.048538 -0.641498 -0.045533
v -0.089840 -0.665663 -0.055941
v -0.107910 -0.665295 -0.056245
v -0.103762 -0.638177 -0.053431
v -0.086019 -0.638107 -0.052867
v -0.134841 -0.645066 -0.032680
v -0.120958 -0.640177 -0.047152
v -0.124439 -0.667164 -0.049543
v -0.137603 -0.671944 -0.034598
v -0.149712 -0.678190 -0.015713
v -0.149298 -0.651812 -0.014665
v -0.148389 -0.685671 0.008179
v -0.151260 -0.660181 0.009469
v -0.137445 -0.667117 0.035662
v -0.136331 -0.692046 0.034194
v -0.025616 -0.656544 0.003102
v -0.030123 -0.684707 -0.002471
v -0.030092 -0.678514 -0.022336
v -0.024517 -0.650802 -0.015894
v -0.052311 -0.666804 0.044387
v -0.069073 -0.670045 0.066561
v -0.069641 -0.694966 0.056083
v -0.054916 -0.693266 0.034206
v -0.153146 -0.607169 0.011095
v -0.146352 -0.615755 0.040980
v -0.136459 -0.592102 -0.034501
v -0.150071 -0.598751 -0.014992
v -0.040328 -0.587889 -0.037984
v -0.058229 -0.585346 -0.049500
v -0.024008 -0.602415 0.023003
v -0.022153 -0.596519 0.000320
v -0.098355 -0.647236 0.078745
v -0.101810 -0.621040 0.081533
v -0.128574 -0.620462 0.067101
v -0.124328 -0.646567 0.064691
v -0.152324 -0.633948 0.010465
v -0.148727 -0.625261 -0.014621
v -0.134611 -0.618502 -0.032754
v -0.119945 -0.613755 -0.047140
v -0.101745 -0.611643 -0.053150
v -0.082660 -0.611119 -0.052795
v -0.062979 -0.611833 -0.050201
v -0.044410 -0.614295 -0.042022
v -0.022905 -0.623628 -0.008201
v -0.024827 -0.629981 0.012884
v -0.095118 -0.696222 0.064897
v -0.096110 -0.672885 0.074536
v -0.122251 -0.671496 0.060832
v -0.121055 -0.695453 0.055932
v -0.095183 -0.717331 0.053324
v -0.073645 -0.716579 0.044656
v -0.094231 -0.693584 -0.060052
v -0.111818 -0.693481 -0.059255
v -0.128079 -0.695331 -0.052363
v -0.150839 -0.704368 -0.018039
v -0.146685 -0.711813 0.008049
v -0.133482 -0.717586 0.032604
v -0.117359 -0.716820 0.048922
v -0.043702 -0.734128 -0.029476
v -0.038488 -0.705834 -0.024935
v -0.037911 -0.710493 -0.007392
v -0.044288 -0.737662 -0.011542
v -0.063209 -0.727745 -0.056458
v -0.078978 -0.724435 -0.066281
v -0.077384 -0.695943 -0.054038
v -0.061782 -0.698684 -0.046717
v -0.098049 -0.722686 -0.070656
v -0.116745 -0.722604 -0.067851
v -0.134171 -0.723263 -0.059881
v -0.153160 -0.732182 -0.020120
v -0.142772 -0.698623 -0.038925
v -0.148270 -0.726285 -0.043741
v -0.147211 -0.739366 0.010009
v -0.126950 -0.775018 0.029241
v -0.125096 -0.745486 0.032270
v -0.149668 -0.768869 0.009280
v -0.101916 -0.872785 0.017317
v -0.127576 -0.870688 0.016776
v -0.124498 -0.905458 0.010773
v -0.102056 -0.907885 0.011838
v -0.046394 -0.766772 -0.016129
v -0.044186 -0.764288 -0.036506
v -0.062120 -0.758777 -0.067439
v -0.080313 -0.755428 -0.077338
v -0.160973 -0.792726 -0.025404
v -0.157650 -0.761693 -0.021328
v -0.153241 -0.756272 -0.046986
v -0.156043 -0.787864 -0.051318
v -0.046208 -0.864673 -0.028009
v -0.044566 -0.863293 -0.047786
v -0.041495 -0.829201 -0.046283
v -0.043429 -0.831115 -0.024745
v -0.078845 -0.788180 -0.084185
v -0.060358 -0.791545 -0.073915
v -0.060708 -0.824912 -0.077858
v -0.079059 -0.822204 -0.087786
v -0.157485 -0.861927 -0.029663
v -0.161062 -0.826153 -0.028075
v -0.156772 -0.822038 -0.053935
v -0.153951 -0.858772 -0.054289
v -0.128732 -0.804711 0.026141
v -0.152375 -0.799224 0.005228
v -0.152192 -0.831271 0.000891
v -0.129941 -0.836979 0.021674
v -0.100509 -0.806587 0.026173
v -0.101979 -0.838532 0.022356
v -0.058847 -0.936782 -0.045752
v -0.051846 -0.899147 -0.046678
v -0.052944 -0.901773 -0.029112
v -0.060377 -0.940201 -0.030119
v -0.081778 -0.857838 -0.086559
v -0.063445 -0.859880 -0.077479
v -0.069005 -0.896478 -0.072814
v -0.084772 -0.895184 -0.081197
v -0.146094 -0.939248 -0.031823
v -0.152286 -0.899849 -0.031024
v -0.148455 -0.897704 -0.053234
v -0.141948 -0.936969 -0.052156
v -0.121783 -0.943338 0.005050
v -0.144938 -0.902442 -0.005341
v -0.140386 -0.941328 -0.009595
v -0.117736 -0.980886 0.001918
v -0.100701 -0.982587 0.003486
v -0.101522 -0.945111 0.006445
v -0.067015 -0.976155 -0.030652
v -0.064158 -0.973629 -0.044879
v -0.073926 -0.970774 -0.065960
v -0.086366 -0.968667 -0.073545
v -0.086493 -0.932433 -0.076675
v -0.072697 -0.934104 -0.069000
v -0.120092 -0.934973 -0.075876
v -0.103408 -0.932885 -0.079237
v -0.102020 -0.968950 -0.075726
v -0.117073 -0.971080 -0.071775
v -0.134769 -0.972852 -0.050251
v -0.133108 -0.935679 -0.066953
v -0.127459 -0.971956 -0.063367
v -0.139520 -0.974738 -0.031538
v -0.134659 -0.978253 -0.010516
v -0.002543 -0.372171 -0.009583
v 0.000570 -0.385237 0.022013
v -0.000802 -0.393397 0.008222
v -0.007489 -0.378095 -0.023567
v -0.034397 -0.523183 0.075208
v -0.034326 -0.492667 0.085046
v -0.034040 -0.581423 0.056227
v -0.034848 -0.553484 0.066378
v -0.034358 -0.609279 0.045666
v -0.035645 -0.636573 0.034480
v -0.036062 -0.664100 0.024239
v -0.038883 -0.690266 0.015639
v -0.046010 -0.715786 0.010645
v -0.052218 -0.742533 0.007850
v -0.055992 -0.800132 0.000637
v -0.044703 -0.798235 -0.021014
v -0.056219 -0.770273 0.004025
v -0.057626 -0.867407 -0.005964
v -0.055605 -0.832560 -0.002645
v -0.062714 -0.905193 -0.009836
v -0.068718 -0.943605 -0.013486
v -0.074698 -0.979355 -0.015444
v -0.071295 -0.385908 0.127372
v -0.042209 -0.392045 0.116554
v -0.046001 -0.372778 0.120164
v -0.074235 -0.361268 0.128086
v -0.002624 -0.364943 0.049220
v -0.004917 -0.364599 0.064869
v -0.004745 -0.371145 0.063010
v -0.001725 -0.369917 0.046500
v -0.142095 -0.641781 0.038670
v -0.119977 -0.587375 -0.048813
v -0.099929 -0.585091 -0.054783
v -0.078982 -0.584399 -0.053993
v -0.049242 -0.642067 0.057479
v -0.050623 -0.615213 0.066529
v -0.072774 -0.619091 0.080630
v -0.070322 -0.645075 0.074073
v -0.098370 -0.779262 0.029824
v -0.076180 -0.804038 0.015544
v -0.074346 -0.775350 0.020010
v -0.097478 -0.754892 0.035024
v -0.121909 -0.752203 -0.076465
v -0.140121 -0.752893 -0.066134
v -0.101687 -0.785243 -0.087491
v -0.124068 -0.783929 -0.083831
v -0.101244 -0.753091 -0.079356
v -0.055030 -0.561729 0.086073
v -0.081814 -0.565577 0.096203
v -0.077211 -0.592811 0.087514
v -0.052158 -0.588481 0.076038
v -0.000490 -0.366052 0.029162
v -0.000718 -0.374523 0.042195
v -0.000203 -0.367539 0.019268
v -0.016925 -0.413825 0.091952
v -0.003930 -0.411705 0.068282
v -0.006082 -0.397612 0.076272
v -0.019730 -0.396517 0.099001
v -0.184621 -0.359987 0.057007
v -0.193503 -0.352250 0.017046
v -0.089206 -0.385150 -0.078090
v -0.183516 -0.344544 -0.029140
v -0.157634 -0.361110 -0.060792
v -0.038610 -0.413846 0.111001
v -0.047811 -0.335543 0.121425
v -0.001239 -0.361387 0.033997
v -0.192117 -0.315462 0.023971
v -0.182263 -0.322802 0.059330
v -0.001058 -0.364118 0.028031
v 0.000728 -0.405855 0.039820
v -0.000290 -0.422001 0.028101
v -0.016111 -0.360842 -0.050131
v -0.004336 -0.357996 -0.033244
v -0.061636 -0.471737 0.111980
v -0.065081 -0.441342 0.119275
v -0.059317 -0.502870 0.103420
v -0.057021 -0.533051 0.094991
v -0.060100 -0.717983 0.026662
v -0.070972 -0.745817 0.026529
v -0.077729 -0.836216 0.011610
v -0.079246 -0.870580 0.007103
v -0.081623 -0.907574 0.002768
v -0.083971 -0.945817 -0.002086
v -0.086058 -0.982114 -0.003389
v -0.024693 -0.368632 0.105851
v -0.008935 -0.377342 0.081546
v -0.003009 -0.445802 0.017095
v -0.008320 -0.475366 0.007626
v -0.015114 -0.506250 -0.000534
v -0.065879 -0.501808 -0.058097
v -0.093643 -0.503170 -0.061538
v -0.091102 -0.473182 -0.062282
v -0.060239 -0.469700 -0.058474
v -0.121088 -0.505749 -0.055146
v -0.120773 -0.476723 -0.055982
v -0.107179 -0.594233 0.085864
v -0.101598 -0.820135 -0.091100
v -0.123453 -0.856881 -0.085223
v -0.124295 -0.818672 -0.087365
v -0.102573 -0.857036 -0.089393
v -0.143445 -0.819401 -0.074004
v -0.142945 -0.784629 -0.071558
v -0.149099 -0.865718 -0.001613
v -0.103676 -0.894843 -0.084267
v -0.122323 -0.895835 -0.080877
v -0.141916 -0.856843 -0.073439
v -0.138062 -0.896212 -0.070428
v -0.000339 -0.394527 0.050508
v -0.165097 -0.366828 0.092087
v -0.162746 -0.335109 0.094416
v -0.104372 -0.322658 0.123170
v -0.075029 -0.337347 0.126340
v -0.002887 -0.378484 0.061272
v -0.068388 -0.412525 0.124543
v -0.103891 -0.380597 0.129870
v -0.137227 -0.375882 0.118630
v -0.131613 -0.282801 0.107298
v -0.001611 -0.359887 -0.015028
v -0.048495 -0.353832 0.121441
v -0.020340 -0.536278 -0.007293
v -0.024576 -0.564645 -0.013900
v -0.027628 -0.591627 -0.020831
v -0.030318 -0.618411 -0.027285
v -0.033443 -0.645492 -0.033468
v -0.039630 -0.672798 -0.038424
v -0.047870 -0.701382 -0.038824
v -0.051623 -0.730750 -0.044396
v -0.042258 -0.796276 -0.042166
v -0.048284 -0.793879 -0.059908
v -0.050056 -0.761382 -0.053537
v -0.047971 -0.827420 -0.063967
v -0.050820 -0.861720 -0.063813
v -0.058196 -0.897817 -0.061140
v -0.063655 -0.934911 -0.058519
v -0.066772 -0.971757 -0.056385
v -0.000954 -0.358673 0.012868
v -0.001288 -0.359588 0.000236
v -0.113402 -0.567187 0.092480
v 0.000333 -0.379632 0.034629
v -0.000554 -0.369855 0.006374
v -0.180018 -0.292506 0.064832
v -0.022892 -0.382171 0.103622
v -0.007875 -0.386998 0.080585
v -0.160515 -0.301488 0.091707
v -0.104805 -0.350945 0.127837
v -0.001496 -0.385991 0.058191
v -0.072561 -1.007969 -0.028180
v -0.073621 -1.036721 -0.024086
v -0.074120 -1.035144 -0.039706
v -0.069894 -1.006008 -0.042924
v -0.085114 -1.001482 -0.071398
v -0.073823 -1.003553 -0.063574
v -0.099701 -1.001201 -0.073391
v -0.098058 -1.031405 -0.072510
v -0.109776 -1.032384 -0.065724
v -0.113259 -1.002554 -0.068735
v -0.122505 -1.003525 -0.059454
v -0.125572 -1.034014 -0.045627
v -0.128402 -1.034051 -0.027624
v -0.132999 -1.005903 -0.029470
v -0.128904 -1.004464 -0.047494
v -0.128696 -1.010213 -0.009276
v -0.124267 -1.037352 -0.007743
v -0.113538 -1.012907 0.001687
v -0.078618 -1.010814 -0.012900
v -0.077425 -1.038543 -0.007162
v -0.084100 -1.031501 -0.071283
v -0.074760 -1.033330 -0.060686
v -0.068796 -1.005257 -0.053413
v -0.074219 -1.034221 -0.050081
v -0.072789 -1.063732 -0.034478
v -0.068326 -1.063945 -0.018458
v -0.083042 -1.060187 -0.071524
v -0.078027 -1.061664 -0.057398
v -0.106478 -1.060719 -0.063374
v -0.096516 -1.059793 -0.073869
v -0.126186 -1.062327 -0.044481
v -0.118492 -1.033187 -0.056694
v -0.117131 -1.061624 -0.054790
v -0.128660 -1.061436 -0.026286
v -0.123521 -1.062832 -0.003390
v -0.072584 -1.064259 0.000005
v -0.076389 -1.062838 -0.046196
v -0.087123 -1.013396 -0.000591
v -0.086011 -1.039865 0.005081
v -0.098818 -1.014783 0.004511
v -0.110624 -1.039974 0.004320
v -0.097407 -1.041534 0.008382
v -0.096032 -0.734367 0.041220
v -0.081098 -0.731761 0.037175
v -0.112833 -0.732858 0.041930
v -0.133813 -0.311396 0.112474
v -0.135975 -0.343493 0.117347
