v -0.340687 0.223149 0.016416
v -0.340938 0.206676 0.016981
v -0.315671 0.207005 0.018786
v -0.315157 0.223344 0.017673
v -0.202975 0.251489 0.027607
v -0.200702 0.268797 0.009046
v -0.216032 0.144573 -0.031540
v -0.213540 0.147693 -0.017690
v -0.214359 0.147266 -0.052226
v -0.228003 0.155978 -0.055319
v -0.226636 0.163352 -0.062222
v -0.211651 0.154605 -0.058387
v -0.221796 0.167448 0.003924
v -0.220888 0.175378 0.017830
v -0.234678 0.179412 0.013435
v -0.237411 0.170972 -0.001878
v -0.233637 0.186818 -0.074682
v -0.244402 0.192379 -0.076142
v -0.243345 0.199237 -0.077177
v -0.232025 0.194109 -0.076313
v -0.259242 0.164590 -0.019358
v -0.254785 0.172016 -0.005605
v -0.275020 0.171393 -0.007865
v -0.278899 0.163760 -0.022550
v -0.245370 0.155633 -0.039876
v -0.261716 0.158263 -0.044496
v -0.260877 0.161006 -0.055506
v -0.244224 0.157423 -0.050970
v -0.340231 0.238702 0.007994
v -0.314917 0.238698 0.009025
v -0.302293 0.161218 -0.038533
v -0.304078 0.163378 -0.051495
v -0.281869 0.160420 -0.048641
v -0.281186 0.160183 -0.036244
v -0.352085 0.172753 -0.053430
v -0.353857 0.181636 -0.063767
v -0.329574 0.176685 -0.064420
v -0.327639 0.168187 -0.053141
v -0.296255 0.198959 -0.076950
v -0.274793 0.185979 -0.074881
v -0.280603 0.176403 -0.069964
v -0.304315 0.183844 -0.072483
v -0.215695 0.143650 -0.043002
v -0.244642 0.158212 -0.027637
v -0.261665 0.159480 -0.032390
v -0.341492 0.249839 -0.005979
v -0.316420 0.250057 -0.005776
v -0.317860 0.255660 -0.023507
v -0.343171 0.255277 -0.023366
v -0.252281 0.225679 0.024995
v -0.235265 0.226606 0.028611
v -0.232232 0.245805 0.021776
v -0.250258 0.243936 0.017139
v -0.233945 0.236014 -0.070539
v -0.221558 0.232821 -0.072380
v -0.224772 0.222552 -0.075594
v -0.237299 0.227325 -0.073933
v -0.345448 0.254151 -0.040635
v -0.318739 0.254806 -0.042411
v -0.322775 0.246410 -0.056601
v -0.349051 0.247003 -0.054635
v -0.300282 0.164573 -0.024779
v -0.297421 0.171777 -0.010133
v -0.320448 0.172248 -0.011546
v -0.322602 0.166455 -0.026262
v -0.346409 0.168294 -0.027454
v -0.349304 0.168246 -0.041177
v -0.324942 0.164755 -0.040235
v -0.354026 0.194279 -0.071164
v -0.353245 0.208652 -0.074181
v -0.326869 0.204741 -0.075655
v -0.329890 0.189552 -0.072291
v -0.351515 0.236219 -0.065334
v -0.326355 0.234795 -0.066608
v -0.327420 0.220808 -0.073425
v -0.353032 0.222931 -0.072185
v -0.341424 0.192114 0.010993
v -0.342465 0.180738 0.000424
v -0.318117 0.180886 0.002028
v -0.316748 0.192425 0.012812
v -0.230456 0.262375 0.006247
v -0.249235 0.258692 0.002264
v -0.206483 0.184382 0.035223
v -0.204934 0.171080 0.023306
v -0.290743 0.239037 0.011130
v -0.269459 0.241135 0.014088
v -0.269424 0.254719 -0.001175
v -0.292188 0.251543 -0.004274
v -0.292621 0.192508 0.015268
v -0.294524 0.181441 0.003961
v -0.271704 0.181122 0.006476
v -0.270333 0.191694 0.018863
v -0.305190 0.171511 -0.063497
v -0.281838 0.166009 -0.060245
v -0.237449 0.206572 0.030563
v -0.253723 0.206432 0.026983
v -0.270291 0.223996 0.021930
v -0.270066 0.206394 0.023759
v -0.257096 0.177401 -0.071293
v -0.240966 0.170919 -0.067093
v -0.242385 0.162965 -0.060228
v -0.259766 0.168864 -0.065164
v -0.233868 0.251656 -0.059844
v -0.237737 0.259295 -0.050530
v -0.221371 0.261009 -0.050054
v -0.219881 0.251751 -0.060522
v -0.224043 0.268485 -0.035271
v -0.242678 0.265226 -0.036520
v -0.247161 0.265922 -0.017777
v -0.227781 0.270135 -0.015260
v -0.241855 0.163417 -0.015134
v -0.262916 0.260902 -0.039104
v -0.267855 0.261504 -0.020635
v -0.251845 0.190666 0.022907
v -0.217064 0.247872 0.025655
v -0.220052 0.226758 0.033105
v -0.205271 0.228633 0.037549
v -0.236152 0.189723 0.026728
v -0.302541 0.232231 -0.069047
v -0.297618 0.244665 -0.060219
v -0.251285 0.180767 0.009553
v -0.204595 0.161923 0.011059
v -0.546514 0.253348 -0.023598
v -0.545136 0.257369 -0.037387
v -0.565998 0.253932 -0.035943
v -0.566776 0.249129 -0.023268
v -0.546763 0.243782 -0.013260
v -0.566665 0.239560 -0.014411
v -0.544426 0.182196 -0.030387
v -0.543617 0.191250 -0.018715
v -0.564078 0.191664 -0.023332
v -0.564762 0.183723 -0.035204
v -0.585328 0.224182 -0.011890
v -0.584231 0.212217 -0.013182
v -0.564628 0.214244 -0.009947
v -0.565920 0.227582 -0.009874
v -0.544127 0.183709 -0.061252
v -0.542741 0.193433 -0.072046
v -0.522771 0.189374 -0.069202
v -0.524421 0.180203 -0.057044
v -0.459486 0.186355 -0.007796
v -0.462466 0.175958 -0.018794
v -0.445135 0.177325 -0.012312
v -0.442477 0.188303 -0.002402
v -0.504730 0.261716 -0.023947
v -0.502369 0.262673 -0.039381
v -0.523855 0.260326 -0.038379
v -0.525760 0.257484 -0.023506
v -0.502802 0.223123 -0.001632
v -0.501253 0.207365 -0.004243
v -0.478786 0.210803 -0.002403
v -0.480152 0.227011 -0.000775
v -0.483211 0.264940 -0.025546
v -0.480991 0.263173 -0.040779
v -0.544766 0.217041 -0.006591
v -0.543495 0.203092 -0.010877
v -0.522747 0.204920 -0.006987
v -0.524317 0.220070 -0.003710
v -0.583703 0.191447 -0.065186
v -0.582751 0.201278 -0.073600
v -0.562765 0.197518 -0.073457
v -0.563978 0.187613 -0.063866
v -0.583740 0.201663 -0.018805
v -0.584049 0.192571 -0.027401
v -0.563777 0.202195 -0.015071
v -0.584666 0.247270 -0.059762
v -0.585670 0.251193 -0.047503
v -0.564534 0.253527 -0.049868
v -0.563159 0.248166 -0.062740
v -0.502258 0.182230 -0.019681
v -0.501108 0.193136 -0.009909
v -0.522651 0.191567 -0.014026
v -0.523566 0.181722 -0.025085
v -0.505435 0.252980 -0.010742
v -0.526361 0.248250 -0.011951
v -0.541458 0.248560 -0.065193
v -0.543219 0.255606 -0.051875
v -0.521489 0.256633 -0.053227
v -0.519917 0.247542 -0.066347
v -0.498572 0.230661 -0.075537
v -0.499024 0.213884 -0.076153
v -0.519540 0.218152 -0.077613
v -0.519298 0.234026 -0.075242
v -0.480388 0.184053 -0.014045
v -0.482680 0.175323 -0.026867
v -0.504341 0.177147 -0.051472
v -0.502908 0.185410 -0.064959
v -0.483271 0.181247 -0.059484
v -0.484205 0.174009 -0.044157
v -0.442724 0.248695 -0.004014
v -0.443045 0.261081 -0.015595
v -0.461175 0.260441 -0.013024
v -0.459873 0.247548 -0.003097
v -0.461282 0.265864 -0.028102
v -0.442599 0.264902 -0.031300
v -0.415638 0.254509 -0.049422
v -0.415279 0.243278 -0.058040
v -0.426609 0.244412 -0.056463
v -0.427546 0.256715 -0.048348
v -0.459697 0.219899 -0.075564
v -0.459717 0.202550 -0.071550
v -0.479038 0.208559 -0.074184
v -0.478568 0.226026 -0.075974
v -0.445847 0.182859 -0.059536
v -0.448845 0.173178 -0.046062
v -0.464782 0.176725 -0.052916
v -0.461936 0.187856 -0.064662
v -0.391004 0.174543 -0.043533
v -0.389482 0.171818 -0.030653
v -0.406157 0.171791 -0.031674
v -0.407208 0.175822 -0.044775
v -0.401475 0.180494 -0.003745
v -0.385159 0.180475 -0.002801
v -0.384718 0.191364 0.007359
v -0.400758 0.191553 0.006082
v -0.389353 0.250765 -0.007705
v -0.389716 0.257729 -0.024375
v -0.403294 0.259453 -0.022756
v -0.403570 0.251276 -0.007189
v -0.444195 0.214106 -0.074746
v -0.441623 0.196549 -0.069123
v -0.415767 0.179788 -0.005221
v -0.414605 0.190750 0.004400
v -0.428025 0.189770 0.001435
v -0.429910 0.178588 -0.007925
v -0.413259 0.220034 0.006331
v -0.414962 0.235690 0.002238
v -0.427230 0.234258 0.001436
v -0.426700 0.218400 0.003845
v -0.415450 0.250497 -0.005974
v -0.415362 0.260393 -0.020700
v -0.428505 0.260411 -0.017936
v -0.428376 0.249600 -0.004883
v -0.433858 0.211943 -0.073340
v -0.433083 0.224628 -0.069796
v -0.424515 0.221012 -0.069666
v -0.425481 0.208630 -0.072077
v -0.433109 0.179127 -0.052988
v -0.434840 0.171472 -0.039466
v -0.441099 0.216484 0.001164
v -0.441525 0.201697 0.001949
v -0.427397 0.203443 0.005939
v -0.428295 0.263065 -0.034100
v -0.392501 0.180345 -0.054131
v -0.393073 0.188335 -0.063630
v -0.376604 0.185642 -0.063138
v -0.375760 0.177278 -0.053738
v -0.373935 0.172218 -0.042597
v -0.371503 0.170653 -0.029351
v -0.366554 0.180720 -0.001273
v -0.365600 0.191922 0.009063
v -0.365277 0.206202 0.014667
v -0.364831 0.221974 0.014415
v -0.384890 0.221660 0.011798
v -0.384896 0.205655 0.012754
v -0.366559 0.249901 -0.006455
v -0.368070 0.255768 -0.023717
v -0.390372 0.256589 -0.039453
v -0.370694 0.254572 -0.040096
v -0.418340 0.172361 -0.019044
v -0.403884 0.173472 -0.017038
v -0.540429 0.236391 -0.074478
v -0.540307 0.221657 -0.077970
v -0.561268 0.224297 -0.077101
v -0.562006 0.237695 -0.072336
v -0.582041 0.213596 -0.076520
v -0.561623 0.210458 -0.077461
v -0.546137 0.231294 -0.007315
v -0.525850 0.234986 -0.005105
v -0.586155 0.235878 -0.015217
v -0.441660 0.232353 0.000168
v -0.458494 0.230399 -0.000500
v -0.415012 0.231058 -0.064865
v -0.404138 0.241441 -0.059430
v -0.404639 0.229352 -0.066774
v -0.443695 0.230619 -0.069473
v -0.459480 0.237361 -0.068619
v -0.459236 0.250113 -0.054713
v -0.440069 0.243806 -0.056930
v -0.416870 0.205480 -0.070661
v -0.415807 0.218427 -0.070056
v -0.405452 0.216210 -0.070758
v -0.406204 0.202872 -0.070166
v -0.387241 0.237438 0.005000
v -0.402344 0.236803 0.003328
v -0.374829 0.237358 -0.063656
v -0.391133 0.239441 -0.061122
v -0.391097 0.249487 -0.051391
v -0.374069 0.247315 -0.053419
v -0.403946 0.251963 -0.050246
v -0.375248 0.225052 -0.070396
v -0.391584 0.227502 -0.068435
v -0.365177 0.237698 0.007459
v -0.392605 0.200464 -0.069955
v -0.392219 0.214183 -0.071456
v -0.375719 0.211506 -0.072587
v -0.376162 0.197486 -0.070205
v -0.541158 0.206895 -0.077213
v -0.520761 0.202980 -0.075460
v -0.448356 0.170545 -0.028375
v -0.464994 0.171348 -0.035829
v -0.432964 0.171214 -0.022608
v -0.544912 0.179137 -0.046030
v -0.564844 0.182235 -0.050194
v -0.503820 0.175596 -0.034289
v -0.524595 0.176902 -0.040577
v -0.498841 0.245822 -0.067198
v -0.419523 0.184712 -0.058450
v -0.420877 0.177016 -0.047829
v -0.430076 0.188232 -0.063295
v -0.368200 0.173355 -0.014580
v -0.387224 0.173824 -0.016145
v -0.433487 0.201245 -0.072069
v -0.344002 0.172508 -0.012795
v -0.441452 0.258797 -0.046353
v -0.415451 0.261428 -0.036354
v -0.403696 0.259165 -0.037980
v -0.586447 0.250650 -0.034230
v -0.504502 0.239121 -0.003156
v -0.457385 0.214420 -0.001101
v -0.457948 0.199249 -0.002434
v -0.417951 0.193567 -0.066786
v -0.407031 0.190750 -0.064765
v -0.407371 0.182479 -0.055497
v -0.400179 0.221443 0.009088
v -0.400697 0.205672 0.010830
v -0.584431 0.185710 -0.052955
v -0.414028 0.204957 0.008525
v -0.459564 0.262130 -0.043196
v -0.208487 0.153389 -0.003311
v -0.193143 0.271127 -0.035282
v -0.196868 0.275416 -0.014049
v -0.206806 0.205006 0.040235
v -0.205664 0.172467 -0.070157
v -0.207910 0.166684 -0.067077
v -0.192774 0.260151 -0.051314
v -0.192494 0.249514 -0.062088
v -0.193952 0.237113 -0.070342
v -0.204346 0.179937 -0.073344
v -0.214587 0.265626 0.008474
v -0.227992 0.154430 -0.023129
v -0.224359 0.159845 -0.009802
v -0.229739 0.150653 -0.035579
v -0.229634 0.151360 -0.046521
v -0.221144 0.187351 0.030481
v -0.221850 0.205812 0.034584
v -0.211217 0.273184 -0.014267
v -0.207696 0.270346 -0.035055
v -0.220842 0.179425 -0.072044
v -0.223090 0.174201 -0.069714
v -0.236010 0.181748 -0.073027
v -0.206138 0.260958 -0.051054
v -0.206153 0.250335 -0.061992
v -0.208593 0.228863 -0.074376
v -0.211587 0.217240 -0.077034
v -0.219100 0.186564 -0.074667
v -0.427112 0.197249 -0.069520
v -0.239183 0.177525 -0.071165
v -0.252403 0.183803 -0.074011
v -0.247785 0.188412 -0.075523
v -0.301919 0.217196 -0.074874
v -0.424512 0.232599 -0.063348
v -0.432220 0.233801 -0.063280
v -0.478541 0.242407 -0.067723
v -0.500139 0.256325 -0.053868
v -0.479241 0.254365 -0.054342
v -0.483503 0.257680 -0.011015
v -0.482112 0.243618 -0.002051
v -0.478969 0.196004 -0.006433
v -0.480734 0.193299 -0.069029
v -0.625952 0.239156 -0.019172
v -0.626612 0.245478 -0.029406
v -0.646963 0.243023 -0.026373
v -0.645821 0.235639 -0.017154
v -0.665231 0.232822 -0.014975
v -0.663586 0.222433 -0.012567
v -0.644746 0.225593 -0.013215
v -0.661635 0.212861 -0.015674
v -0.643215 0.215252 -0.014818
v -0.660094 0.205186 -0.022286
v -0.659949 0.200105 -0.030281
v -0.641940 0.200463 -0.027743
v -0.642047 0.206682 -0.020171
v -0.623134 0.195098 -0.033980
v -0.642351 0.196214 -0.036936
v -0.642719 0.194212 -0.047150
v -0.623476 0.191291 -0.044868
v -0.661756 0.205575 -0.065765
v -0.662208 0.214004 -0.069347
v -0.643116 0.211488 -0.070725
v -0.642837 0.202155 -0.066344
v -0.624358 0.230312 -0.069761
v -0.623296 0.219313 -0.072769
v -0.643914 0.222102 -0.070778
v -0.644970 0.232544 -0.067761
v -0.663893 0.235209 -0.066959
v -0.665411 0.242382 -0.058692
v -0.646125 0.240614 -0.060953
v -0.586621 0.245483 -0.022934
v -0.606254 0.242287 -0.021404
v -0.605618 0.232371 -0.014700
v -0.623132 0.208318 -0.017826
v -0.603843 0.210270 -0.015592
v -0.604682 0.221051 -0.013013
v -0.624033 0.218086 -0.013841
v -0.584497 0.186017 -0.039172
v -0.603660 0.193730 -0.030913
v -0.604044 0.188819 -0.042239
v -0.622921 0.200839 -0.024824
v -0.603479 0.201285 -0.021981
v -0.623290 0.192488 -0.056446
v -0.642712 0.196270 -0.057696
v -0.626928 0.247194 -0.041341
v -0.626636 0.245244 -0.053129
v -0.647209 0.244805 -0.050226
v -0.647448 0.245827 -0.038390
v -0.603944 0.189282 -0.054787
v -0.605849 0.246237 -0.056482
v -0.606424 0.249050 -0.044527
v -0.625599 0.239317 -0.063178
v -0.604779 0.238768 -0.066141
v -0.666708 0.244573 -0.035501
v -0.666557 0.240885 -0.023512
v -0.606583 0.247920 -0.031899
v -0.623062 0.198473 -0.066356
v -0.623012 0.208228 -0.072018
v -0.602824 0.204743 -0.072921
v -0.603393 0.194994 -0.065840
v -0.582420 0.226249 -0.074883
v -0.602766 0.216252 -0.074534
v -0.603482 0.228065 -0.072194
v -0.662728 0.224305 -0.069751
v -0.583461 0.238428 -0.069416
v -0.674937 0.198637 -0.041257
v -0.674380 0.199811 -0.032076
v -0.675306 0.199448 -0.051286
v -0.675748 0.202402 -0.059934
v -0.678539 0.236355 -0.066124
v -0.677235 0.225467 -0.070327
v -0.676731 0.209910 -0.015196
v -0.675031 0.203320 -0.023393
v -0.678747 0.219982 -0.011577
v -0.676341 0.214823 -0.069746
v -0.676099 0.207251 -0.066061
v -0.679606 0.242410 -0.056349
v -0.680723 0.243890 -0.045367
v -0.680651 0.230250 -0.014109
v -0.682176 0.238394 -0.021871
v -0.681938 0.243224 -0.033322
v -0.660641 0.197466 -0.039425
v -0.661018 0.197540 -0.049389
v -0.666319 0.244721 -0.047462
v -0.661399 0.200405 -0.058740
v -0.291366 0.206741 0.020573
v -0.290838 0.223238 0.019351
v -0.291878 0.257606 -0.023220
v -0.287861 0.255520 -0.045387
v -0.500553 0.198402 -0.072718
v -0.625035 0.229041 -0.013782
v -0.254043 0.256030 -0.052530
v -0.268814 0.250004 -0.057287
v -0.277876 0.240780 -0.064713
v -0.282610 0.229249 -0.071294
v -0.282080 0.216315 -0.076016
v -0.276620 0.203381 -0.077751
v -0.265287 0.192065 -0.076362
v -0.225674 0.171350 -0.067422
v -0.210943 0.163541 -0.064247
v -0.203058 0.188938 -0.076458
v -0.197139 0.212713 -0.078514
v -0.253506 0.203627 -0.077791
v -0.251881 0.196963 -0.077264
v -0.257482 0.195660 -0.077199
v -0.263737 0.204576 -0.077794
v -0.266953 0.215322 -0.076807
v -0.252978 0.222614 -0.075442
v -0.254538 0.213012 -0.077357
v -0.266487 0.226293 -0.073665
v -0.262410 0.236322 -0.069180
v -0.249578 0.231858 -0.072212
v -0.255719 0.244544 -0.064429
v -0.245161 0.239665 -0.068557
v -0.246091 0.249736 -0.060933
v -0.241103 0.244550 -0.065365
v -0.207319 0.239429 -0.069298
v -0.219862 0.242164 -0.067726
v -0.232287 0.243705 -0.066284
v -0.217361 0.195387 -0.076933
v -0.230516 0.203026 -0.077592
v -0.242679 0.209106 -0.077909
v -0.240570 0.218415 -0.076797
v -0.228050 0.212546 -0.077411
v -0.214940 0.205693 -0.077917
v -0.420665 0.171299 -0.034573
