v -0.746635 0.198713 -0.027427
v -0.737005 0.195709 -0.025901
v -0.742114 0.193741 -0.015966
v -0.751361 0.197409 -0.018009
v -0.721576 0.185548 -0.008588
v -0.713013 0.189597 -0.000893
v -0.722966 0.190347 0.007619
v -0.730073 0.186713 0.000985
v -0.754945 0.198893 -0.009364
v -0.746155 0.194317 -0.007522
v -0.753848 0.203258 -0.003340
v -0.762672 0.210069 -0.006271
v -0.762910 0.203291 -0.010203
v -0.770806 0.213552 -0.007872
v -0.757067 0.220868 -0.008558
v -0.769272 0.222505 -0.011913
v -0.751737 0.232237 -0.032961
v -0.749153 0.232942 -0.043518
v -0.763734 0.231347 -0.044117
v -0.765959 0.230117 -0.033012
v -0.755094 0.226910 -0.062744
v -0.760519 0.229492 -0.053563
v -0.745853 0.231664 -0.052140
v -0.741729 0.229453 -0.060523
v -0.740507 0.201520 -0.041990
v -0.730349 0.199740 -0.042294
v -0.732672 0.198608 -0.035643
v -0.742371 0.200782 -0.036084
v -0.750561 0.205788 0.007100
v -0.747090 0.213914 0.000071
v -0.752915 0.210394 -0.001544
v -0.752232 0.202427 0.005455
v -0.705401 0.192518 -0.054707
v -0.693459 0.194983 -0.052961
v -0.693875 0.195259 -0.044072
v -0.704791 0.193246 -0.046909
v -0.697804 0.191854 -0.016457
v -0.692674 0.195404 -0.023931
v -0.687298 0.205194 -0.013673
v -0.694171 0.203532 -0.008414
v -0.704434 0.189967 -0.009045
v -0.700881 0.201786 -0.002729
v -0.710059 0.200236 0.003643
v -0.720908 0.198832 0.011289
v -0.692423 0.198309 -0.063466
v -0.700830 0.195817 -0.066903
v -0.821004 0.206697 -0.014320
v -0.821642 0.204961 -0.019912
v -0.815879 0.205203 -0.019188
v -0.815272 0.206971 -0.013530
v -0.700394 0.214953 -0.074543
v -0.702404 0.224478 -0.071550
v -0.695145 0.224044 -0.071381
v -0.693453 0.214033 -0.072653
v -0.709425 0.215442 -0.077210
v -0.711778 0.225023 -0.072020
v -0.823396 0.219280 -0.013167
v -0.822207 0.214994 -0.010529
v -0.816358 0.216050 -0.010557
v -0.817318 0.220359 -0.013505
v -0.760389 0.199624 -0.018229
v -0.756110 0.200315 -0.027171
v -0.778985 0.201438 -0.021515
v -0.767258 0.200900 -0.026336
v -0.769141 0.201305 -0.016638
v -0.777721 0.203071 -0.015021
v -0.759991 0.202199 -0.046283
v -0.749464 0.202313 -0.046106
v -0.753343 0.202260 -0.038761
v -0.764209 0.201993 -0.039107
v -0.746541 0.198927 -0.058080
v -0.756525 0.199619 -0.058744
v -0.755113 0.197535 -0.065292
v -0.746314 0.196934 -0.064145
v -0.777003 0.202335 -0.054158
v -0.786467 0.204995 -0.055085
v -0.784779 0.205157 -0.060326
v -0.775718 0.201845 -0.059666
v -0.688109 0.224380 -0.071336
v -0.686142 0.214257 -0.071418
v -0.746162 0.219248 -0.079629
v -0.741598 0.211734 -0.085188
v -0.750908 0.209882 -0.088965
v -0.755394 0.217785 -0.083189
v -0.705323 0.232149 -0.064708
v -0.697602 0.232870 -0.065193
v -0.824485 0.221469 -0.018377
v -0.818397 0.222701 -0.018774
v -0.712006 0.211345 0.001413
v -0.723396 0.208214 0.009670
v -0.702498 0.213790 -0.004856
v -0.695562 0.215667 -0.008685
v -0.688288 0.217587 -0.010386
v -0.772568 0.201455 -0.031472
v -0.750333 0.201331 -0.034584
v -0.738874 0.201076 -0.046457
v -0.734488 0.193617 -0.075445
v -0.726569 0.193740 -0.075115
v -0.730125 0.193253 -0.065548
v -0.737056 0.194165 -0.068176
v -0.739782 0.202371 -0.086512
v -0.741565 0.196370 -0.082392
v -0.750209 0.196246 -0.084165
v -0.749022 0.201217 -0.089133
v -0.748405 0.208466 0.010896
v -0.740792 0.214380 0.003912
v -0.699597 0.204467 -0.073807
v -0.692233 0.204967 -0.070332
v -0.685079 0.206351 -0.067642
v -0.717412 0.195934 -0.045269
v -0.704528 0.193238 -0.041862
v -0.705472 0.191599 -0.035595
v -0.718743 0.195635 -0.040665
v -0.726262 0.189944 -0.023793
v -0.713952 0.186274 -0.018860
v -0.732594 0.188438 -0.013457
v -0.693308 0.195107 -0.035847
v -0.684796 0.197903 -0.042446
v -0.684454 0.198339 -0.033170
v -0.684919 0.198406 -0.052218
v -0.684920 0.201158 -0.061282
v -0.689329 0.234493 -0.065808
v -0.684746 0.200713 -0.023320
v -0.735988 0.188072 0.007667
v -0.741909 0.188332 0.013101
v -0.747058 0.190243 0.008013
v -0.742456 0.190746 0.002549
v -0.778966 0.215506 -0.009471
v -0.778248 0.208208 -0.010143
v -0.770377 0.206108 -0.009958
v -0.714088 0.192124 -0.060490
v -0.709779 0.194628 -0.071173
v -0.781642 0.202104 -0.027184
v -0.809935 0.221076 -0.013730
v -0.809116 0.216455 -0.010549
v -0.796278 0.216371 -0.010497
v -0.797550 0.221871 -0.013833
v -0.791130 0.206505 -0.030889
v -0.788628 0.203854 -0.025591
v -0.796870 0.204312 -0.025194
v -0.799296 0.208199 -0.029735
v -0.780946 0.202903 -0.066636
v -0.773511 0.200277 -0.066262
v -0.779876 0.224907 -0.033621
v -0.778719 0.227103 -0.022053
v -0.767249 0.228834 -0.021313
v -0.757891 0.201191 -0.052858
v -0.767603 0.201358 -0.053556
v -0.766371 0.200329 -0.059290
v -0.776053 0.202181 -0.034099
v -0.782724 0.203146 -0.032106
v -0.780158 0.203213 -0.038113
v -0.772220 0.202162 -0.039135
v -0.730469 0.214066 -0.082303
v -0.728548 0.201676 -0.083897
v -0.821259 0.210491 -0.011017
v -0.815555 0.211179 -0.010473
v -0.747458 0.201029 -0.051985
v -0.753747 0.229248 -0.021065
v -0.737298 0.199691 -0.051257
v -0.771732 0.217561 -0.073196
v -0.771158 0.211034 -0.077569
v -0.778607 0.210874 -0.075536
v -0.779352 0.217392 -0.073940
v -0.810936 0.210140 -0.029099
v -0.809537 0.205885 -0.024699
v -0.817067 0.206770 -0.025051
v -0.818177 0.210967 -0.028945
v -0.786327 0.203331 -0.020269
v -0.785163 0.204910 -0.014627
v -0.794445 0.205822 -0.014272
v -0.795188 0.203649 -0.019669
v -0.785811 0.209882 -0.010943
v -0.795117 0.210652 -0.010807
v -0.812052 0.216582 -0.030126
v -0.811798 0.222084 -0.025998
v -0.799610 0.222190 -0.027147
v -0.800884 0.215425 -0.030766
v -0.728721 0.231783 -0.058650
v -0.725702 0.228674 -0.066641
v -0.738307 0.225956 -0.069168
v -0.750697 0.223279 -0.071907
v -0.762012 0.219009 -0.074153
v -0.767168 0.224843 -0.064901
v -0.734746 0.221984 -0.076141
v -0.789769 0.215691 -0.036161
v -0.789572 0.220907 -0.029842
v -0.788608 0.221495 -0.037575
v -0.735805 0.197087 -0.058311
v -0.808307 0.211250 -0.010357
v -0.701277 0.234092 -0.020985
v -0.702233 0.239206 -0.032574
v -0.712237 0.237641 -0.033582
v -0.709958 0.231943 -0.020131
v -0.808254 0.204752 -0.019060
v -0.808002 0.206469 -0.013520
v -0.772689 0.200256 -0.072897
v -0.779243 0.203013 -0.072103
v -0.779214 0.205023 -0.076092
v -0.773661 0.203237 -0.078170
v -0.722824 0.224460 -0.073518
v -0.758132 0.208202 -0.091734
v -0.761359 0.216655 -0.086592
v -0.714319 0.231039 -0.065174
v -0.717009 0.234533 -0.056862
v -0.707712 0.236742 -0.055429
v -0.775517 0.225068 -0.054643
v -0.732015 0.233672 -0.050854
v -0.719596 0.235933 -0.049067
v -0.709392 0.238223 -0.046264
v -0.701015 0.240083 -0.044863
v -0.699652 0.238443 -0.055023
v -0.810984 0.223583 -0.019338
v -0.819112 0.221483 -0.025225
v -0.690481 0.240260 -0.055137
v -0.691991 0.242027 -0.044472
v -0.722250 0.236292 -0.040359
v -0.724077 0.235350 -0.031208
v -0.734958 0.234457 -0.042584
v -0.737798 0.233672 -0.032682
v -0.776921 0.228919 -0.044430
v -0.833784 0.216013 -0.027714
v -0.825390 0.216352 -0.028423
v -0.824551 0.211143 -0.029109
v -0.833161 0.211557 -0.028822
v -0.819012 0.216647 -0.029167
v -0.825275 0.220589 -0.024558
v -0.739688 0.230025 -0.020469
v -0.788130 0.206128 -0.037492
v -0.723606 0.228821 -0.017007
v -0.744026 0.223983 -0.008056
v -0.732970 0.222201 -0.004529
v -0.705917 0.224363 -0.009861
v -0.715421 0.221153 -0.004864
v -0.690754 0.228026 -0.013650
v -0.698245 0.226145 -0.012512
v -0.726673 0.216590 0.003573
v -0.828830 0.205715 -0.015399
v -0.829468 0.204597 -0.021220
v -0.692915 0.236001 -0.021456
v -0.738517 0.189314 -0.004412
v -0.726020 0.195585 -0.055614
v -0.727501 0.197994 -0.050358
v -0.718772 0.193957 -0.073931
v -0.722937 0.192423 -0.063252
v -0.829350 0.209229 -0.011737
v -0.789732 0.211031 -0.056971
v -0.788331 0.211860 -0.059240
v -0.730442 0.190616 0.013678
v -0.738441 0.190866 0.018161
v -0.741201 0.202693 0.020374
v -0.738643 0.196209 0.020821
v -0.729547 0.197549 0.017145
v -0.732275 0.205478 0.016069
v -0.716855 0.195236 -0.048961
v -0.716423 0.193872 -0.053857
v -0.719523 0.215333 -0.079765
v -0.717906 0.203491 -0.081287
v -0.786726 0.216322 -0.010508
v -0.779097 0.222654 -0.013652
v -0.787461 0.222083 -0.014416
v -0.798305 0.224468 -0.020201
v -0.791209 0.211315 -0.035664
v -0.793253 0.213502 -0.031973
v -0.708719 0.188918 -0.028005
v -0.721635 0.193394 -0.033465
v -0.748026 0.195805 -0.000894
v -0.750953 0.196649 0.004380
v -0.769072 0.201980 -0.046426
v -0.787386 0.223814 -0.052554
v -0.787236 0.226916 -0.044520
v -0.777709 0.202786 -0.046310
v -0.831835 0.217774 -0.013318
v -0.830602 0.213400 -0.010898
v -0.788119 0.225272 -0.021523
v -0.764473 0.198546 -0.066114
v -0.782557 0.220400 -0.059128
v -0.789116 0.217966 -0.056002
v -0.755588 0.201198 -0.090191
v -0.693233 0.241032 -0.032619
v -0.822986 0.206478 -0.025959
v -0.830993 0.206417 -0.026827
v -0.833349 0.219159 -0.024204
v -0.832521 0.220064 -0.018517
v -0.708348 0.204201 -0.077951
v -0.728849 0.199358 -0.046369
v -0.735834 0.212204 0.010952
v -0.744976 0.207768 0.016457
v -0.785783 0.204428 -0.046536
v -0.766183 0.215475 -0.080449
v -0.775612 0.223491 -0.066783
v -0.782237 0.222933 -0.068385
v -0.786469 0.221465 -0.062032
v -0.789531 0.216709 -0.060478
v -0.839937 0.218540 -0.024185
v -0.839369 0.219370 -0.018594
v -0.838995 0.217119 -0.013419
v -0.837291 0.212745 -0.011310
v -0.835388 0.208785 -0.012462
v -0.840215 0.215651 -0.027475
v -0.839219 0.211432 -0.028502
v -0.836763 0.206584 -0.026653
v -0.845652 0.214933 -0.027619
v -0.846653 0.217761 -0.024246
v -0.851872 0.214332 -0.013126
v -0.846420 0.216500 -0.013731
v -0.849640 0.216957 -0.015940
v -0.853238 0.216236 -0.015594
v -0.857593 0.215503 -0.016036
v -0.856536 0.212966 -0.014082
v -0.848932 0.218033 -0.018949
v -0.853262 0.217652 -0.019399
v -0.852989 0.216987 -0.023376
v -0.857426 0.216573 -0.023871
v -0.857924 0.217228 -0.019944
v -0.849424 0.217636 -0.022290
v -0.845230 0.218691 -0.018705
v -0.860517 0.212588 -0.016331
v -0.860618 0.215060 -0.016916
v -0.861817 0.216209 -0.020231
v -0.862739 0.213392 -0.020662
v -0.843256 0.212245 -0.011757
v -0.849873 0.211078 -0.012682
v -0.855363 0.210001 -0.014419
v -0.859604 0.209667 -0.017056
v -0.848891 0.207809 -0.014361
v -0.854552 0.207514 -0.016461
v -0.858071 0.207560 -0.018828
v -0.848778 0.205399 -0.017827
v -0.854345 0.205959 -0.019283
v -0.840297 0.205538 -0.016519
v -0.841103 0.208431 -0.012966
v -0.856984 0.206651 -0.020283
v -0.861576 0.210472 -0.021468
v -0.851971 0.215908 -0.026137
v -0.856983 0.214952 -0.026371
v -0.851341 0.213715 -0.027987
v -0.856492 0.212627 -0.027710
v -0.861258 0.214287 -0.025130
v -0.860948 0.216297 -0.023703
v -0.834366 0.205527 -0.016149
v -0.835052 0.204829 -0.021845
v -0.840780 0.204679 -0.022047
v -0.848907 0.204434 -0.022913
v -0.842101 0.206706 -0.026654
v -0.844539 0.211041 -0.028506
v -0.850526 0.210643 -0.028407
v -0.849413 0.206872 -0.027121
v -0.855597 0.209879 -0.027749
v -0.854872 0.207312 -0.026353
v -0.854643 0.205851 -0.022994
v -0.858870 0.209191 -0.025837
v -0.860411 0.211625 -0.025824
v -0.859668 0.208407 -0.022268
v -0.857454 0.207752 -0.025199
v -0.857527 0.207107 -0.022722
v -0.827874 0.209130 -0.047011
v -0.827447 0.207866 -0.052435
v -0.819944 0.208450 -0.050783
v -0.820528 0.209624 -0.045484
v -0.828407 0.221391 -0.043586
v -0.828510 0.215946 -0.041655
v -0.821643 0.217142 -0.040459
v -0.821534 0.222482 -0.042687
v -0.827625 0.223872 -0.049496
v -0.820790 0.225026 -0.048839
v -0.813385 0.223067 -0.041327
v -0.813508 0.217517 -0.039224
v -0.799336 0.216274 -0.038031
v -0.799283 0.222263 -0.039225
v -0.796325 0.206922 -0.053666
v -0.797742 0.211273 -0.056834
v -0.828388 0.211691 -0.043230
v -0.821257 0.212563 -0.041889
v -0.811688 0.212569 -0.057887
v -0.811288 0.208694 -0.054586
v -0.819967 0.209448 -0.055743
v -0.820303 0.212877 -0.059125
v -0.797090 0.207675 -0.041405
v -0.796086 0.206079 -0.047544
v -0.798589 0.211524 -0.038751
v -0.812164 0.218111 -0.058791
v -0.812487 0.223409 -0.055296
v -0.798545 0.223922 -0.053307
v -0.798736 0.217980 -0.057095
v -0.812855 0.212598 -0.040542
v -0.811067 0.207679 -0.049327
v -0.811891 0.209029 -0.043933
v -0.812623 0.225642 -0.047786
v -0.820591 0.222549 -0.056222
v -0.837216 0.217402 -0.060542
v -0.827755 0.217515 -0.060048
v -0.827574 0.212711 -0.060527
v -0.837439 0.212919 -0.061546
v -0.820597 0.217698 -0.059442
v -0.827544 0.221941 -0.056499
v -0.838287 0.208331 -0.049119
v -0.838011 0.207502 -0.054622
v -0.838585 0.210691 -0.045285
v -0.798682 0.226541 -0.045734
v -0.838085 0.219911 -0.045097
v -0.838469 0.214577 -0.043698
v -0.827396 0.208927 -0.057495
v -0.837467 0.208753 -0.059393
v -0.836960 0.221261 -0.057065
v -0.836972 0.222745 -0.050543
v -0.844725 0.220340 -0.057870
v -0.845037 0.221666 -0.051897
v -0.846083 0.219224 -0.046601
v -0.845622 0.214116 -0.045293
v -0.844993 0.210594 -0.046895
v -0.844690 0.217138 -0.061089
v -0.844335 0.213232 -0.062043
v -0.843672 0.209173 -0.060176
v -0.851783 0.216789 -0.062108
v -0.852913 0.219806 -0.059286
v -0.865657 0.216344 -0.050708
v -0.860168 0.217228 -0.048936
v -0.860852 0.219097 -0.051650
v -0.865944 0.219073 -0.052393
v -0.854163 0.218970 -0.048523
v -0.857181 0.219785 -0.051485
v -0.856473 0.220588 -0.054552
v -0.860785 0.220772 -0.055542
v -0.860011 0.219771 -0.059349
v -0.865058 0.219905 -0.060540
v -0.866102 0.221186 -0.056484
v -0.856315 0.220062 -0.057958
v -0.869744 0.219034 -0.053703
v -0.869978 0.216512 -0.053799
v -0.852147 0.221155 -0.053487
v -0.851999 0.214233 -0.046589
v -0.858903 0.213655 -0.048232
v -0.864898 0.213150 -0.051068
v -0.869161 0.213422 -0.054750
v -0.858036 0.210222 -0.050106
v -0.864171 0.210443 -0.052817
v -0.867761 0.211301 -0.055996
v -0.857408 0.207849 -0.053720
v -0.863650 0.208837 -0.055726
v -0.849338 0.208190 -0.051752
v -0.850428 0.210559 -0.048102
v -0.866462 0.210166 -0.057132
v -0.871958 0.217934 -0.058217
v -0.870919 0.214806 -0.058949
v -0.871194 0.221083 -0.057209
v -0.859103 0.218109 -0.061288
v -0.864559 0.217870 -0.062362
v -0.858450 0.216418 -0.063281
v -0.864352 0.216185 -0.063953
v -0.869458 0.218314 -0.062046
v -0.869127 0.220279 -0.060820
v -0.844293 0.208387 -0.050540
v -0.843795 0.207730 -0.055589
v -0.848824 0.207300 -0.056775
v -0.856926 0.207159 -0.058728
v -0.848765 0.209115 -0.061121
v -0.850483 0.213230 -0.062907
v -0.857538 0.213285 -0.063867
v -0.856748 0.209514 -0.062623
v -0.863545 0.213444 -0.064020
v -0.862827 0.210384 -0.062905
v -0.863010 0.208552 -0.059680
v -0.867562 0.213214 -0.062789
v -0.869012 0.215829 -0.062907
v -0.868880 0.212214 -0.059491
v -0.866063 0.211173 -0.062203
v -0.866562 0.210404 -0.059756
v -0.815939 0.208232 -0.071610
v -0.814220 0.205392 -0.076030
v -0.808264 0.206121 -0.074207
v -0.810188 0.208691 -0.069802
v -0.816476 0.219576 -0.071847
v -0.817242 0.216564 -0.069875
v -0.811278 0.217160 -0.067573
v -0.809905 0.220810 -0.069409
v -0.815029 0.220730 -0.076583
v -0.807862 0.221824 -0.074611
v -0.803305 0.221406 -0.067196
v -0.805095 0.217066 -0.065278
v -0.795148 0.216332 -0.062643
v -0.793442 0.221482 -0.064363
v -0.817158 0.212502 -0.069840
v -0.811333 0.212854 -0.067756
v -0.799023 0.207375 -0.079655
v -0.799686 0.205193 -0.076635
v -0.806814 0.205929 -0.078655
v -0.806169 0.208072 -0.081486
v -0.791803 0.206987 -0.064496
v -0.789124 0.204516 -0.068765
v -0.794207 0.211180 -0.062796
v -0.799036 0.212632 -0.080920
v -0.799254 0.218953 -0.078790
v -0.788321 0.218225 -0.076068
v -0.787575 0.211609 -0.077456
v -0.805191 0.212306 -0.065628
v -0.801389 0.205115 -0.072020
v -0.803651 0.207917 -0.067614
v -0.800696 0.222331 -0.072778
v -0.806306 0.218591 -0.080358
v -0.822900 0.212961 -0.086579
v -0.812591 0.212825 -0.084335
v -0.812444 0.207802 -0.083838
v -0.822671 0.208453 -0.086620
v -0.805966 0.212801 -0.082748
v -0.813536 0.218041 -0.081873
v -0.824878 0.207352 -0.074725
v -0.823484 0.204983 -0.079114
v -0.826025 0.211310 -0.072980
v -0.790551 0.222756 -0.070280
v -0.787117 0.205978 -0.076649
v -0.826164 0.218015 -0.074638
v -0.826487 0.215072 -0.072859
v -0.812780 0.205164 -0.080806
v -0.822440 0.205244 -0.083896
v -0.823596 0.217394 -0.084093
v -0.824738 0.219629 -0.078956
v -0.830394 0.217062 -0.085978
v -0.831644 0.218896 -0.080852
v -0.833216 0.217477 -0.076506
v -0.833040 0.214134 -0.074873
v -0.831956 0.210549 -0.075160
v -0.829856 0.212866 -0.088276
v -0.829362 0.208994 -0.088015
v -0.828329 0.205675 -0.085347
v -0.834864 0.212597 -0.089859
v -0.836552 0.216366 -0.087516
v -0.850556 0.214897 -0.080852
v -0.845778 0.215341 -0.079177
v -0.845710 0.216304 -0.081399
v -0.850275 0.216482 -0.082586
v -0.839799 0.216959 -0.078486
v -0.842153 0.217118 -0.080834
v -0.840683 0.217843 -0.083584
v -0.844891 0.217833 -0.084903
v -0.842943 0.216042 -0.088334
v -0.847378 0.216005 -0.089703
v -0.849439 0.217733 -0.086217
v -0.839848 0.217002 -0.086734
v -0.853237 0.216531 -0.083993
v -0.854032 0.214835 -0.083404
v -0.837080 0.218274 -0.082486
v -0.838593 0.213509 -0.076273
v -0.844720 0.212548 -0.077869
v -0.850073 0.212053 -0.080189
v -0.853173 0.211842 -0.083270
v -0.843241 0.209306 -0.078521
v -0.848589 0.209069 -0.080871
v -0.851318 0.209114 -0.083601
v -0.841562 0.206542 -0.080522
v -0.847075 0.206945 -0.082694
v -0.835098 0.207043 -0.078609
v -0.836946 0.209954 -0.076667
v -0.849568 0.207709 -0.084243
v -0.854246 0.214959 -0.087684
v -0.853380 0.211687 -0.087859
v -0.853147 0.217363 -0.087259
v -0.841477 0.214520 -0.090145
v -0.846372 0.214063 -0.091258
v -0.840353 0.211760 -0.091069
v -0.845765 0.211587 -0.091891
v -0.850775 0.214432 -0.090964
v -0.850753 0.216218 -0.089984
v -0.830394 0.207312 -0.076995
v -0.828810 0.205352 -0.080791
v -0.833514 0.205299 -0.082139
v -0.840345 0.204983 -0.084258
v -0.832884 0.205697 -0.086450
v -0.833994 0.208881 -0.089085
v -0.839674 0.208701 -0.090493
v -0.839354 0.205796 -0.088264
v -0.845149 0.208906 -0.091273
v -0.844999 0.206467 -0.089461
v -0.845961 0.205773 -0.085958
v -0.849110 0.209177 -0.090522
v -0.850116 0.211749 -0.091228
v -0.851402 0.209079 -0.087402
v -0.847999 0.207408 -0.089374
v -0.849204 0.207326 -0.086793
v -0.787376 0.204409 -0.073300
v -0.790397 0.202934 -0.096718
v -0.788230 0.200662 -0.099215
v -0.784199 0.201182 -0.096402
v -0.786203 0.203343 -0.093999
v -0.791166 0.213290 -0.098928
v -0.792478 0.210409 -0.096265
v -0.788040 0.211080 -0.093042
v -0.786590 0.214410 -0.095678
v -0.788241 0.213010 -0.103355
v -0.783473 0.214186 -0.100350
v -0.781307 0.214660 -0.091734
v -0.783069 0.210992 -0.089106
v -0.775000 0.210588 -0.083455
v -0.772524 0.215038 -0.085412
v -0.760892 0.200971 -0.091326
v -0.762276 0.198649 -0.087620
v -0.768982 0.199072 -0.091297
v -0.766733 0.200588 -0.094666
v -0.791999 0.206511 -0.095771
v -0.787758 0.206907 -0.092684
v -0.775416 0.201045 -0.099645
v -0.777609 0.199763 -0.096399
v -0.782170 0.200391 -0.099521
v -0.780361 0.201454 -0.102670
v -0.765229 0.198269 -0.083760
v -0.768850 0.199691 -0.080202
v -0.773574 0.201835 -0.084786
v -0.771475 0.199615 -0.087881
v -0.774960 0.205394 -0.083708
v -0.774357 0.204767 -0.101451
v -0.775347 0.210205 -0.100501
v -0.765575 0.210174 -0.095432
v -0.765607 0.204468 -0.096221
v -0.782943 0.206610 -0.089259
v -0.779782 0.200568 -0.093103
v -0.781740 0.203013 -0.090411
v -0.777906 0.214784 -0.096525
v -0.780902 0.210007 -0.103813
v -0.790109 0.203610 -0.111230
v -0.783982 0.204444 -0.107561
v -0.784268 0.200834 -0.105912
v -0.790069 0.200393 -0.109774
v -0.779669 0.204956 -0.104553
v -0.785490 0.209134 -0.106735
v -0.796247 0.202252 -0.100224
v -0.793754 0.199938 -0.102737
v -0.797666 0.205652 -0.099519
v -0.768585 0.216169 -0.090602
v -0.797317 0.211874 -0.102596
v -0.798335 0.209098 -0.100149
v -0.786071 0.199835 -0.102493
v -0.791538 0.199248 -0.106389
v -0.791665 0.208019 -0.110346
v -0.794357 0.211633 -0.106752
v -0.796738 0.207456 -0.113354
v -0.799314 0.211057 -0.109727
v -0.802078 0.210999 -0.105312
v -0.802683 0.208397 -0.102672
v -0.801513 0.205079 -0.102006
v -0.795073 0.203052 -0.114027
v -0.794825 0.200336 -0.112178
v -0.795664 0.199433 -0.108763
v -0.799693 0.203033 -0.115836
v -0.801972 0.207284 -0.115516
v -0.815165 0.207373 -0.110738
v -0.811580 0.208303 -0.108783
v -0.811121 0.208967 -0.110928
v -0.814422 0.208673 -0.112268
v -0.806646 0.209922 -0.107853
v -0.807966 0.209866 -0.110193
v -0.805998 0.209809 -0.112594
v -0.809333 0.209640 -0.113942
v -0.807407 0.207500 -0.116876
v -0.810980 0.206892 -0.118479
v -0.812906 0.209435 -0.115631
v -0.804980 0.208493 -0.115308
v -0.816756 0.208662 -0.113852
v -0.817735 0.207038 -0.113393
v -0.803328 0.210324 -0.111538
v -0.806574 0.207677 -0.105072
v -0.811383 0.206553 -0.107307
v -0.815589 0.205410 -0.109996
v -0.817597 0.204491 -0.113216
v -0.809949 0.204178 -0.106844
v -0.814308 0.203257 -0.109838
v -0.816093 0.202541 -0.112858
v -0.807893 0.201734 -0.107454
v -0.812423 0.201370 -0.110376
v -0.803015 0.202081 -0.104885
v -0.805130 0.204919 -0.104274
v -0.814558 0.201480 -0.112495
v -0.817035 0.206252 -0.117214
v -0.816757 0.203716 -0.116483
v -0.815859 0.208802 -0.117157
v -0.805959 0.205437 -0.118000
v -0.810374 0.204633 -0.119504
v -0.804449 0.202586 -0.117616
v -0.809852 0.202165 -0.118917
v -0.814135 0.205063 -0.119411
v -0.813718 0.207025 -0.119161
v -0.799770 0.202048 -0.102755
v -0.797521 0.199989 -0.105199
v -0.800800 0.199875 -0.107164
v -0.805740 0.199677 -0.109536
v -0.799291 0.199231 -0.110670
v -0.798840 0.200304 -0.113958
v -0.804143 0.200173 -0.116010
v -0.804491 0.198902 -0.112948
v -0.809685 0.200334 -0.117244
v -0.809922 0.199370 -0.114788
v -0.810891 0.199896 -0.112082
v -0.813622 0.201193 -0.116877
v -0.814107 0.202767 -0.118501
v -0.815655 0.201960 -0.115266
v -0.812974 0.200325 -0.115394
v -0.814076 0.200800 -0.113986
v -0.760820 0.204232 -0.093162
v -0.757477 0.205461 0.017258
v -0.759356 0.203062 0.013205
v -0.754022 0.188375 0.013871
v -0.757674 0.192923 0.010947
v -0.750148 0.187502 0.018973
v -0.748498 0.194511 0.026073
v -0.748511 0.190104 0.023473
v -0.759778 0.198783 0.010883
v -0.754281 0.205208 0.022265
v -0.750569 0.200546 0.025779
v -0.762642 0.203958 0.027850
v -0.759316 0.199088 0.031731
v -0.756887 0.192549 0.031987
v -0.756024 0.187943 0.028284
v -0.756554 0.185692 0.023015
v -0.765143 0.204609 0.022207
v -0.766065 0.202091 0.017253
v -0.765049 0.196966 0.014471
v -0.772520 0.203675 0.026934
v -0.772923 0.202827 0.034134
v -0.776032 0.188407 0.042461
v -0.771361 0.188913 0.040100
v -0.772766 0.192548 0.041849
v -0.776093 0.192166 0.044562
v -0.766487 0.191204 0.037590
v -0.770528 0.193657 0.040042
v -0.772443 0.197936 0.039725
v -0.774798 0.197956 0.042118
v -0.774755 0.201346 0.038390
v -0.777707 0.202060 0.039763
v -0.778060 0.197645 0.045166
v -0.779662 0.192448 0.046355
v -0.781717 0.196409 0.046459
v -0.780819 0.189745 0.044742
v -0.768692 0.198005 0.036873
v -0.763318 0.186582 0.032890
v -0.770374 0.185749 0.036622
v -0.776801 0.185758 0.039387
v -0.782232 0.187841 0.041001
v -0.771094 0.183887 0.031484
v -0.778178 0.185094 0.034793
v -0.782486 0.187662 0.036751
v -0.773238 0.185399 0.026587
v -0.779574 0.186738 0.031190
v -0.764476 0.185536 0.021136
v -0.762875 0.184280 0.027007
v -0.782419 0.188151 0.033796
v -0.785006 0.194080 0.044903
v -0.785863 0.192279 0.040526
v -0.779064 0.202954 0.035840
v -0.780855 0.201520 0.042236
v -0.783142 0.201730 0.038518
v -0.779436 0.202434 0.030894
v -0.784242 0.200135 0.034551
v -0.785545 0.199163 0.041803
v -0.783161 0.200050 0.044471
v -0.758834 0.186778 0.017689
v -0.762265 0.191058 0.014767
v -0.767722 0.190284 0.017927
v -0.775678 0.189878 0.023356
v -0.770859 0.196413 0.017889
v -0.772556 0.201685 0.021324
v -0.779648 0.199821 0.026472
v -0.778318 0.195251 0.023504
v -0.784159 0.197444 0.031285
v -0.783006 0.193998 0.029169
v -0.781292 0.190069 0.029329
v -0.785743 0.194716 0.034655
v -0.786484 0.196962 0.038028
v -0.785089 0.191264 0.036553
v -0.784547 0.193125 0.032524
v -0.783745 0.190594 0.033301
v -0.756811 0.196918 -0.085723
v -0.759669 0.196173 -0.080350
v -0.752386 0.195185 -0.078512
v -0.743481 0.194145 -0.076874
v -0.734379 0.196015 -0.081062
v -0.745308 0.195028 -0.070353
v -0.754261 0.196069 -0.072313
v -0.764147 0.197542 -0.074331
v -0.739676 0.195867 -0.063424
