v 0.025777 0.270730 0.051819
v 0.013763 0.268363 0.054006
v 0.059350 0.258896 0.034694
v 0.073303 0.267112 0.021449
v 0.067961 0.274796 0.018339
v 0.054903 0.268049 0.031110
v 0.069748 0.237220 0.052998
v 0.072028 0.219767 0.063630
v 0.090623 0.224955 0.056246
v 0.090740 0.245897 0.037179
v 0.089976 0.206737 0.070215
v 0.072288 0.202903 0.074915
v 0.085784 0.158090 0.105172
v 0.087392 0.173622 0.094017
v 0.070301 0.172157 0.097937
v 0.069046 0.156632 0.108768
v 0.107948 0.082585 0.134467
v 0.096042 0.084495 0.138940
v 0.089006 0.068562 0.138416
v 0.102192 0.064734 0.132612
v 0.152626 0.182283 0.064589
v 0.162679 0.172493 0.061256
v 0.165582 0.191855 0.055909
v 0.154203 0.200979 0.057398
v 0.100201 0.280199 -0.012146
v 0.092765 0.283144 -0.014588
v 0.088829 0.269710 0.006825
v 0.096758 0.265736 0.011838
v 0.150468 0.094835 0.084990
v 0.145437 0.104160 0.094684
v 0.142049 0.092442 0.101760
v 0.146092 0.082979 0.093600
v 0.121089 0.004163 0.090023
v 0.106987 0.003700 0.106043
v 0.105878 -0.015673 0.107190
v 0.120832 -0.015321 0.090509
v 0.155351 0.025415 0.022105
v 0.152082 0.007853 0.022279
v 0.151165 0.007883 -0.004537
v 0.154307 0.023865 -0.005254
v 0.115048 0.157943 0.095559
v 0.117396 0.173962 0.084734
v 0.103204 0.174157 0.089477
v 0.101207 0.158570 0.100565
v 0.150325 -0.084545 0.039017
v 0.152255 -0.102074 0.042467
v 0.153125 -0.098082 0.015344
v 0.150305 -0.080990 0.013226
v 0.192349 0.272984 0.010952
v 0.191740 0.256619 0.030718
v 0.153979 0.144666 0.072478
v 0.158052 0.157293 0.066839
v 0.150040 0.166184 0.071809
v 0.146380 0.151596 0.078873
v 0.162598 0.054402 -0.010850
v 0.165615 0.071491 -0.014203
v 0.165880 0.073146 0.006421
v 0.163701 0.056201 0.012429
v 0.160560 0.040376 0.017648
v 0.159049 0.038563 -0.007729
v 0.137724 0.154813 0.084595
v 0.139945 0.171993 0.075942
v 0.129698 0.173371 0.080157
v 0.127124 0.156690 0.090303
v 0.080324 0.054042 0.134497
v 0.096178 0.049213 0.126929
v 0.144635 -0.106925 0.068496
v 0.143863 -0.088661 0.064491
v 0.131958 -0.093037 0.086577
v 0.131789 -0.111848 0.090705
v 0.090908 0.021613 0.116595
v 0.106334 0.021022 0.105279
v 0.107177 0.035298 0.110994
v 0.091947 0.036521 0.120168
v 0.115098 -0.115780 0.109705
v 0.115674 -0.096723 0.105386
v 0.097451 -0.099047 0.122142
v 0.096760 -0.120030 0.127092
v 0.088838 0.189731 0.082450
v 0.071487 0.187201 0.086482
v 0.127415 0.082268 0.120441
v 0.118708 0.081966 0.128074
v 0.114181 0.063765 0.125582
v 0.124417 0.064963 0.117708
v 0.171270 0.143376 0.042340
v 0.180004 0.155889 0.037330
v 0.177966 0.177814 0.049915
v 0.170232 0.158846 0.054282
v 0.156894 -0.114916 0.017416
v 0.154928 -0.119231 0.045271
v 0.115732 -0.135907 0.112470
v 0.097319 -0.141120 0.129929
v 0.200986 0.139873 -0.014603
v 0.204268 0.137024 -0.027562
v 0.056649 0.085695 0.142072
v 0.065663 0.065764 0.140160
v 0.078131 0.078443 0.141994
v 0.071594 0.094503 0.141623
v 0.121537 0.049245 0.109917
v 0.109923 0.047990 0.118529
v 0.120499 0.036500 0.100832
v 0.040473 0.076231 0.138863
v 0.051172 0.050858 0.134770
v 0.053410 0.184397 0.090403
v 0.052474 0.169746 0.101148
v 0.053866 0.199560 0.080297
v 0.052975 0.215345 0.070480
v 0.034769 0.212046 0.075475
v 0.035352 0.196329 0.084624
v 0.050835 0.231320 0.062128
v 0.033114 0.227614 0.067705
v 0.043200 0.253043 0.045261
v 0.040103 0.263145 0.041808
v 0.163909 0.145591 0.058987
v 0.159054 0.134235 0.063778
v 0.132760 -0.130647 0.093349
v 0.112826 0.212929 -0.102132
v 0.130089 0.219043 -0.094561
v 0.128857 0.201548 -0.099190
v 0.111655 0.194699 -0.107119
v 0.108600 0.266649 0.013438
v 0.108677 0.280658 -0.011194
v 0.185490 0.155885 -0.070248
v 0.185787 0.145948 -0.065988
v 0.175269 0.137053 -0.069637
v 0.173840 0.148945 -0.073729
v 0.147800 -0.094891 -0.009486
v 0.144320 -0.077873 -0.011762
v 0.129080 0.035972 -0.070448
v 0.137354 0.052959 -0.069124
v 0.147497 0.045234 -0.051635
v 0.140943 0.028885 -0.051493
v 0.016150 0.180517 -0.104517
v 0.034860 0.184023 -0.108993
v 0.034793 0.168702 -0.111473
v 0.015935 0.165553 -0.106599
v 0.074045 0.213369 -0.107397
v 0.053143 0.204911 -0.108824
v 0.052395 0.219230 -0.104256
v 0.073952 0.228604 -0.101797
v 0.093507 0.205056 -0.108675
v 0.092711 0.186910 -0.113304
v 0.159061 0.056716 -0.031942
v 0.162961 0.073162 -0.033022
v 0.171307 0.096665 -0.035679
v 0.176628 0.105240 -0.036499
v 0.177164 0.105340 -0.021691
v 0.172294 0.096509 -0.019894
v 0.085556 0.287955 -0.016923
v 0.092095 0.289826 -0.037728
v 0.083240 0.293204 -0.040164
v 0.048935 0.267180 -0.081933
v 0.059531 0.272091 -0.077668
v 0.061790 0.266332 -0.081294
v 0.048673 0.260736 -0.085922
v 0.039105 0.098514 -0.115065
v 0.041587 0.076580 -0.111360
v 0.018618 0.077423 -0.109799
v 0.017631 0.098122 -0.113099
v 0.181936 0.115442 -0.048659
v 0.179694 0.120186 -0.057638
v 0.189707 0.129396 -0.055824
v 0.192084 0.124094 -0.048299
v 0.171821 0.112173 -0.058833
v 0.174521 0.107665 -0.048642
v 0.168857 0.099035 -0.048848
v 0.165331 0.103776 -0.060538
v 0.145338 0.068666 -0.066712
v 0.153307 0.083361 -0.064178
v 0.159112 0.077626 -0.049540
v 0.153437 0.061816 -0.050460
v 0.019640 0.007343 -0.093233
v 0.019144 0.030447 -0.100606
v 0.039948 0.028640 -0.101567
v 0.039553 0.005060 -0.095574
v 0.117534 0.283677 -0.038329
v 0.108964 0.285812 -0.037359
v 0.117417 0.281930 -0.010582
v 0.135093 0.012747 -0.050696
v 0.121660 0.018874 -0.069167
v 0.121569 -0.090740 -0.048927
v 0.117427 -0.072514 -0.051090
v 0.132495 -0.074865 -0.033626
v 0.136775 -0.092366 -0.031308
v 0.151469 -0.111841 -0.008385
v 0.124919 -0.109174 -0.047454
v 0.140364 -0.110037 -0.030112
v 0.067302 0.300308 -0.035326
v 0.075011 0.296921 -0.038936
v 0.064241 0.293396 -0.055810
v 0.058091 0.299447 -0.050380
v 0.175729 -0.222066 -0.010188
v 0.179885 -0.225346 0.020748
v 0.181064 -0.249814 0.013506
v 0.175164 -0.249074 -0.016074
v 0.033002 0.281288 -0.072734
v 0.029854 0.290617 -0.065898
v 0.044757 0.294727 -0.059918
v 0.049841 0.287058 -0.066122
v 0.174218 -0.197105 -0.007322
v 0.177338 -0.201142 0.022178
v 0.070592 0.295265 -0.016063
v 0.078175 0.291375 -0.017317
v 0.069014 0.288283 0.001811
v 0.076165 0.282634 0.001332
v 0.062428 0.283021 0.018099
v 0.177482 -0.231826 0.047438
v 0.181437 -0.257683 0.043664
v 0.052350 0.305230 -0.043818
v 0.160183 -0.131298 0.019218
v 0.155938 -0.128538 -0.007856
v 0.122902 -0.352504 -0.085974
v 0.095327 -0.356482 -0.093710
v 0.026101 -0.340831 -0.099317
v 0.062773 -0.351879 -0.099255
v 0.034410 -0.229126 -0.114389
v 0.034975 -0.207385 -0.108035
v 0.064271 -0.207181 -0.106892
v 0.064445 -0.228892 -0.114109
v 0.145170 -0.127078 -0.030543
v 0.129853 -0.126709 -0.048382
v 0.157043 -0.135817 0.047159
v 0.078296 -0.145477 0.145600
v 0.077869 -0.167156 0.145163
v 0.097478 -0.161516 0.130169
v 0.017548 -0.155974 0.167935
v 0.015993 -0.177861 0.166503
v 0.036756 -0.175123 0.163601
v 0.039284 -0.152700 0.164960
v 0.023536 -0.288647 0.145352
v 0.027902 -0.264506 0.147509
v 0.011775 -0.266792 0.151174
v 0.010301 -0.289356 0.148160
v 0.167981 -0.238821 0.071930
v 0.164024 -0.217570 0.074129
v 0.146233 -0.224961 0.094616
v 0.149042 -0.245892 0.093244
v 0.029874 -0.314357 -0.113662
v 0.062515 -0.319611 -0.114439
v 0.062678 -0.336459 -0.108668
v 0.028744 -0.330422 -0.106782
v 0.111233 -0.127463 -0.061916
v 0.106684 -0.109036 -0.060089
v 0.087383 -0.109191 -0.068351
v 0.084660 -0.088738 -0.069432
v 0.103920 -0.089654 -0.061572
v 0.085596 0.037171 -0.094953
v 0.094312 0.055878 -0.098329
v 0.113227 0.044215 -0.085811
v 0.105240 0.027204 -0.083670
v 0.053715 0.189694 -0.112711
v 0.054250 0.173736 -0.115663
v 0.061710 -0.287324 0.128058
v 0.096960 -0.268810 0.119319
v 0.040708 -0.128799 0.163879
v 0.022844 -0.132735 0.167009
v 0.078058 -0.122955 0.143169
v 0.058941 -0.125581 0.156130
v 0.058570 -0.149383 0.157853
v 0.045907 -0.034918 0.150820
v 0.043010 -0.056754 0.155086
v 0.064290 -0.056917 0.145135
v 0.067747 -0.035652 0.140791
v 0.071171 -0.013850 0.136448
v 0.048949 -0.012911 0.145908
v 0.050624 0.028193 0.131574
v 0.072328 0.024324 0.125610
v 0.073394 0.040619 0.128649
v 0.034941 0.180918 0.093863
v 0.034327 0.165855 0.103186
v 0.172468 -0.263205 0.070044
v 0.173569 -0.209309 0.049607
v 0.146212 -0.124739 0.071216
v 0.147525 -0.142022 0.072570
v 0.148551 0.030714 0.053392
v 0.145760 0.008827 0.048774
v 0.086720 0.087965 0.140755
v 0.085063 0.099845 0.139063
v 0.113446 -0.054053 -0.053605
v 0.128050 -0.057255 -0.036771
v 0.141775 0.060471 0.091063
v 0.132222 0.053297 0.100746
v 0.133132 0.039899 0.088848
v 0.144530 0.047037 0.075549
v 0.152472 0.058102 0.065596
v 0.149022 0.070622 0.082194
v 0.157260 0.071145 0.056885
v 0.153970 0.083038 0.073242
v 0.172945 0.133994 0.026366
v 0.181777 0.143924 0.021429
v 0.027149 0.027619 0.135990
v 0.026716 0.008021 0.143862
v 0.050744 0.008126 0.139505
v 0.057255 -0.171689 0.156801
v 0.069281 -0.256223 0.132675
v 0.046576 -0.261170 0.141004
v 0.039551 -0.288777 0.139241
v 0.059786 0.000829 -0.092887
v 0.060899 0.024229 -0.098214
v 0.016123 0.194442 -0.101828
v 0.034396 0.198301 -0.105895
v 0.032624 0.224787 -0.098753
v 0.015604 0.220410 -0.096193
v 0.015018 0.232184 -0.092986
v 0.031302 0.236481 -0.094817
v 0.014756 0.287900 -0.068975
v 0.015949 0.277546 -0.075438
v 0.062793 0.099914 -0.115438
v 0.070735 0.073553 -0.108607
v 0.082300 0.276721 0.003340
v 0.139273 0.282893 -0.005252
v 0.127546 0.282335 -0.008669
v 0.129857 0.271240 0.016014
v 0.140068 0.272451 0.019410
v 0.143241 0.238995 -0.080957
v 0.130572 0.236057 -0.087545
v 0.130061 0.252998 -0.076148
v 0.141655 0.254497 -0.069581
v 0.063279 -0.252379 -0.119321
v 0.032962 -0.252103 -0.118971
v 0.040892 -0.063663 -0.078865
v 0.039564 -0.041712 -0.084135
v 0.059561 -0.044955 -0.082444
v 0.061678 -0.066236 -0.077512
v 0.094263 0.087267 -0.107172
v 0.109014 0.071781 -0.096892
v 0.036271 0.100042 0.136313
v 0.052918 0.106138 0.137656
v 0.051666 0.123425 0.129773
v 0.034403 0.119281 0.129318
v 0.141226 -0.025353 -0.024831
v 0.139158 -0.043390 -0.020092
v 0.126759 -0.039596 -0.041446
v 0.129224 -0.021769 -0.047005
v 0.149380 0.025121 -0.029615
v 0.145116 0.009404 -0.028956
v 0.154736 0.040454 -0.030996
v 0.203840 0.136069 -0.039498
v 0.202113 0.138882 -0.048230
v 0.183897 0.113502 -0.023504
v 0.193834 0.123135 -0.025672
v 0.190806 0.127044 -0.011007
v 0.181494 0.117200 -0.007428
v 0.183891 0.112995 -0.037284
v 0.193977 0.122173 -0.038154
v 0.142237 0.188700 0.066895
v 0.142858 0.206371 0.058314
v 0.131370 0.208982 0.059964
v 0.130835 0.191501 0.070065
v 0.118895 0.191407 0.073610
v 0.119593 0.209689 0.062070
v 0.105932 0.208819 0.065376
v 0.104788 0.190908 0.077851
v 0.079593 0.258987 0.027762
v 0.064578 0.250728 0.043493
v 0.047178 0.244171 0.053679
v 0.030940 0.240177 0.060645
v 0.016236 0.266286 -0.081109
v 0.036906 0.270327 -0.080261
v 0.031950 0.258105 -0.086514
v 0.015101 0.254610 -0.085688
v -0.000222 0.252704 -0.084369
v -0.000544 0.264089 -0.080255
v 0.038284 0.274299 0.043353
v 0.026929 0.259820 0.051367
v 0.121318 0.249026 0.033845
v 0.131974 0.251636 0.034121
v 0.119393 0.268885 0.014272
v 0.148377 -0.067157 0.034937
v 0.143305 -0.070618 0.059896
v -0.000086 -0.035543 0.156026
v -0.001362 -0.056939 0.160250
v 0.020747 -0.057150 0.159834
v 0.023102 -0.034883 0.155507
v 0.002605 0.025871 0.136334
v 0.001865 0.006300 0.143908
v 0.039833 -0.103718 0.161007
v 0.040757 -0.079418 0.158342
v 0.018904 -0.081040 0.162494
v 0.017745 -0.108061 0.164418
v 0.008663 -0.134522 0.167353
v 0.007027 -0.147173 0.167870
v 0.018824 -0.307710 0.141837
v 0.008802 -0.307651 0.143928
v 0.079080 -0.100016 0.138732
v 0.059634 -0.101186 0.152536
v 0.165479 0.132833 0.046576
v 0.166759 0.123303 0.030482
v 0.026646 0.048095 0.133914
v 0.068884 0.111222 0.136851
v 0.068194 0.126596 0.128750
v 0.084048 0.114357 0.133650
v 0.083954 0.128709 0.125682
v 0.190156 0.165855 0.029618
v 0.191477 0.181814 0.040560
v 0.161606 0.121896 0.050960
v 0.175194 0.108754 -0.004453
v 0.170679 0.099262 -0.001754
v 0.132918 0.068035 0.109531
v 0.134186 0.082940 0.112642
v 0.163474 0.077963 0.028176
v 0.161101 0.061827 0.035787
v 0.138900 0.083549 0.106138
v 0.140100 0.073653 0.101581
v 0.091268 0.004646 0.119759
v 0.028352 0.249795 0.054054
v 0.129473 0.111930 -0.097498
v 0.137724 0.100390 -0.088140
v 0.123661 0.086471 -0.093013
v 0.112870 0.099292 -0.103489
v 0.183616 -0.278429 0.005485
v 0.176004 -0.275642 -0.024118
v 0.116132 -0.155604 0.113190
v 0.133528 -0.149238 0.094272
v 0.097006 -0.245235 0.122321
v 0.183728 -0.282060 0.034718
v 0.117169 -0.077738 0.100932
v 0.099303 -0.079052 0.117409
v 0.119875 -0.036388 0.092851
v 0.118792 -0.057681 0.096702
v 0.133156 -0.054702 0.077729
v 0.133823 -0.034361 0.073824
v 0.149073 -0.030222 0.026592
v 0.147850 -0.049018 0.030650
v 0.146629 -0.046493 0.004656
v 0.148001 -0.028043 0.000161
v 0.140479 -0.060923 -0.015430
v 0.147620 -0.064194 0.009146
v 0.078413 -0.026755 -0.081191
v 0.079238 -0.004650 -0.086565
v 0.097239 -0.010545 -0.077301
v 0.096089 -0.031058 -0.071275
v 0.029181 -0.310957 0.135740
v 0.165642 0.128463 -0.073597
v 0.163163 0.140452 -0.078572
v 0.124989 -0.255554 0.107786
v 0.152756 -0.270370 0.093280
v 0.109288 0.246465 0.033898
v 0.177087 0.124940 0.009529
v 0.185889 0.133933 0.005074
v -0.000034 -0.328786 -0.092819
v 0.191486 0.154972 0.015095
v 0.015911 0.207745 -0.099090
v -0.000338 0.193125 -0.099165
v -0.000164 0.206023 -0.096570
v 0.156651 0.047093 0.043588
v 0.120306 0.022283 0.092198
v 0.134210 0.025012 0.075858
v 0.170895 0.115810 0.013204
v 0.166726 0.105059 0.017270
v 0.196062 0.145892 -0.000127
v 0.160035 0.085305 0.048291
v 0.007147 -0.121026 0.165075
v -0.005739 -0.148531 0.165922
v -0.005730 -0.161911 0.166557
v 0.049416 -0.131179 -0.078045
v 0.054041 -0.149424 -0.083188
v 0.028023 -0.150044 -0.084862
v 0.024985 -0.132305 -0.078408
v 0.000341 -0.165292 -0.092532
v -0.000400 -0.148820 -0.085060
v 0.031525 -0.168560 -0.092721
v 0.148876 -0.200676 -0.060421
v 0.145052 -0.178797 -0.056974
v 0.160164 -0.176729 -0.033619
v 0.164515 -0.197770 -0.035796
v 0.164563 -0.159812 -0.006816
v 0.169759 -0.176918 -0.006525
v 0.154407 -0.158571 -0.032075
v 0.167853 -0.163284 0.021600
v 0.172609 -0.181050 0.022230
v 0.163946 -0.169686 0.048945
v 0.168897 -0.188821 0.049492
v 0.159032 -0.197540 0.073734
v 0.142779 -0.205867 0.095022
v 0.123272 -0.233915 0.109526
v 0.121440 -0.214404 0.112368
v 0.097954 -0.222482 0.125872
v 0.073458 -0.230093 0.137097
v 0.050897 -0.235817 0.145665
v 0.031032 -0.240067 0.151702
v 0.013117 -0.242411 0.155096
v -0.002935 -0.243828 0.155167
v -0.001951 -0.268244 0.151583
v 0.106895 0.227271 0.051373
v 0.083259 0.284615 -0.058396
v 0.100099 0.287474 -0.036399
v 0.091995 0.281260 -0.058354
v 0.114280 0.230650 -0.095480
v 0.094750 0.222369 -0.102941
v 0.095442 0.238831 -0.095245
v 0.114681 0.248936 -0.084879
v 0.073666 0.274635 -0.072440
v 0.068786 0.277482 -0.071422
v 0.079594 0.270250 -0.074829
v 0.065131 0.260036 -0.085427
v 0.047706 0.252690 -0.089701
v 0.139178 0.281076 -0.031588
v 0.151769 0.280510 -0.026791
v 0.150220 0.269368 -0.048476
v 0.140181 0.269805 -0.054066
v 0.144083 0.223171 -0.088094
v 0.154726 0.226082 -0.082718
v 0.155760 0.211015 -0.086699
v 0.144047 0.207006 -0.092236
v 0.189928 0.277352 -0.012785
v 0.186266 0.271417 -0.034570
v 0.152850 0.240991 -0.075021
v 0.084937 0.106641 -0.114519
v 0.104599 0.115008 -0.110529
v 0.121844 0.124259 -0.104980
v 0.160813 0.153117 -0.082277
v 0.152978 0.131142 -0.084230
v 0.149921 0.144649 -0.088283
v 0.172265 0.161321 -0.078062
v 0.181805 0.166279 -0.073992
v 0.191553 0.232463 0.042111
v 0.192092 0.205528 0.046782
v 0.195554 0.160583 -0.064447
v 0.193543 0.167222 -0.067185
v 0.127165 0.281782 -0.035634
v 0.183551 0.247536 -0.061828
v 0.184541 0.259579 -0.050615
v 0.186026 0.221535 -0.074836
v 0.184871 0.234423 -0.070250
v 0.191139 0.174875 -0.070189
v 0.165115 0.280807 0.004871
v 0.152118 0.282652 -0.000316
v 0.151469 0.270943 0.024256
v 0.163446 0.266840 0.028174
v 0.199421 0.144991 -0.056048
v 0.151327 0.248217 0.039879
v 0.163092 0.243063 0.042337
v 0.187384 0.137152 -0.061749
v 0.196744 0.153452 -0.061089
v 0.164328 0.279758 -0.021499
v 0.174349 0.231342 -0.073074
v 0.164448 0.228543 -0.077488
v 0.162246 0.242671 -0.069742
v 0.172339 0.244687 -0.065058
v 0.166002 0.214207 -0.081666
v 0.175803 0.217615 -0.077671
v 0.141626 0.251855 0.036510
v 0.132241 0.229535 0.048347
v 0.142803 0.228979 0.048502
v 0.152816 0.224156 0.049922
v 0.164767 0.217196 0.051168
v 0.178516 0.209243 0.050551
v 0.120980 0.228399 0.049333
v 0.017763 0.209191 0.077945
v 0.017685 0.192991 0.087373
v 0.061478 -0.078355 0.148955
v 0.111999 -0.035482 -0.058377
v 0.113971 -0.016602 -0.064493
v 0.039326 -0.018467 -0.089850
v 0.059195 -0.022477 -0.087625
v 0.144131 -0.032040 0.051781
v 0.143214 -0.051650 0.055491
v 0.104059 -0.037190 0.109636
v 0.101964 -0.058694 0.113288
v 0.132571 -0.074351 0.081972
v 0.081848 -0.068449 -0.072635
v 0.079268 -0.048138 -0.076388
v 0.097191 -0.051124 -0.066767
v 0.100453 -0.070439 -0.064011
v 0.019675 -0.038520 -0.080351
v 0.019616 -0.015451 -0.086591
v 0.151201 -0.010949 0.023500
v 0.150090 -0.009750 -0.003197
v 0.131622 -0.003884 -0.050121
v 0.116665 0.001779 -0.067799
v 0.081128 0.016953 -0.090728
v 0.099777 0.009352 -0.080772
v 0.090044 -0.014927 0.122752
v 0.072760 0.006259 0.131128
v 0.145431 -0.011867 0.049469
v 0.025382 -0.012884 0.150272
v 0.040458 0.052415 -0.106997
v 0.063672 0.047863 -0.103580
v 0.143184 -0.007490 -0.028066
v 0.033641 0.151383 0.112707
v 0.033744 0.135521 0.121316
v 0.051283 0.139313 0.120866
v 0.051592 0.154731 0.111284
v 0.068260 0.141665 0.119189
v 0.084510 0.143052 0.115864
v 0.099384 0.143533 0.111349
v 0.134636 0.139560 0.094090
v 0.124448 0.141736 0.100432
v 0.150532 0.132189 0.079128
v 0.143327 0.136828 0.087207
v 0.155960 0.122267 0.069291
v 0.159022 0.110173 0.056426
v 0.161542 0.098142 0.041138
v 0.163286 0.111663 0.034776
v 0.156897 0.096622 0.063844
v 0.153531 0.108709 0.076493
v 0.148190 0.117810 0.087067
v 0.019432 0.094203 0.132953
v 0.022286 0.071016 0.134695
v 0.017025 0.224666 0.069335
v 0.030762 0.247416 -0.090937
v 0.014622 0.243352 -0.089447
v -0.000129 0.230455 -0.090738
v -0.000300 0.241566 -0.087615
v 0.100982 0.276830 -0.060922
v 0.087599 0.263922 -0.079298
v 0.068277 0.251970 -0.089780
v 0.049311 0.242936 -0.094557
v 0.134453 0.006332 0.071538
v 0.033481 0.211934 -0.102674
v 0.051256 0.231972 -0.099459
v 0.072425 0.241616 -0.095717
v 0.093076 0.254013 -0.085568
v 0.113145 0.269266 -0.066934
v 0.128785 0.269900 -0.059437
v 0.150954 0.255601 -0.064227
v 0.160769 0.256185 -0.058329
v 0.161725 0.269372 -0.043040
v 0.173622 0.270336 -0.038348
v 0.171797 0.257831 -0.053967
v 0.177505 0.127552 -0.064404
v 0.168834 0.119127 -0.067213
v 0.134908 0.076291 -0.080507
v 0.145934 0.091011 -0.076906
v 0.124092 0.060740 -0.084205
v 0.101860 -0.164135 -0.079853
v 0.096423 -0.146319 -0.074171
v 0.116548 -0.144590 -0.064477
v 0.121534 -0.161946 -0.068907
v 0.022973 -0.110937 -0.072676
v 0.045838 -0.110273 -0.074541
v 0.163306 -0.147058 0.020843
v 0.159710 -0.144152 -0.007165
v 0.149447 -0.143096 -0.031065
v 0.134575 -0.143316 -0.049931
v 0.159361 -0.152141 0.048351
v 0.076972 -0.187886 0.143724
v 0.097540 -0.181680 0.129706
v 0.014672 -0.198405 0.163809
v 0.034681 -0.196154 0.160747
v 0.149655 -0.159309 0.073003
v 0.055614 -0.192736 0.154296
v 0.117123 -0.174729 0.113251
v 0.135357 -0.167266 0.094337
v 0.091403 -0.128518 -0.070893
v 0.071060 -0.129634 -0.075863
v 0.067271 -0.109594 -0.073090
v 0.036285 0.118420 -0.117054
v 0.057261 0.120729 -0.118756
v 0.078546 0.124850 -0.118294
v 0.095100 0.148981 -0.116669
v 0.113109 0.157191 -0.110592
v 0.116205 0.139544 -0.109195
v 0.098180 0.131311 -0.114926
v 0.144642 0.174036 -0.093627
v 0.157309 0.180874 -0.087915
v 0.158828 0.166495 -0.085641
v 0.146746 0.158641 -0.091545
v 0.170244 0.173292 -0.081514
v 0.179718 0.178646 -0.076759
v 0.190436 0.184232 -0.072822
v 0.187506 0.208464 -0.076370
v 0.143852 0.190405 -0.093966
v 0.128371 0.183670 -0.101776
v 0.034723 0.152628 -0.113614
v 0.015981 0.149717 -0.108579
v 0.164642 0.091624 0.022273
v 0.167508 0.086838 0.001730
v 0.168137 0.084970 -0.017459
v 0.166650 0.085687 -0.034365
v 0.164108 0.089114 -0.049162
v 0.159627 0.094100 -0.062337
v 0.153926 0.101329 -0.073680
v 0.161195 0.110693 -0.070466
v 0.148154 0.110576 -0.083145
v 0.156940 0.119738 -0.078358
v 0.142160 0.121430 -0.090961
v 0.136258 0.134126 -0.097024
v 0.132095 0.149219 -0.100612
v 0.129354 0.165855 -0.102247
v 0.093360 0.167823 -0.116055
v 0.111279 0.175805 -0.109930
v 0.073626 0.179749 -0.116274
v 0.073524 0.197198 -0.112291
v 0.075423 0.143033 -0.119802
v 0.074357 0.161300 -0.119065
v 0.071152 0.286677 -0.061065
v 0.054735 0.278932 -0.072151
v 0.034600 0.136008 -0.115914
v 0.054496 0.139126 -0.119333
v 0.168711 0.186511 -0.083374
v 0.178441 0.190605 -0.079050
v 0.188835 0.194582 -0.075295
v 0.177296 0.204020 -0.079563
v 0.167418 0.200308 -0.083772
v 0.156309 0.195754 -0.088337
v 0.054468 0.156705 -0.117809
v 0.015951 0.133538 -0.111853
v 0.176970 0.237066 0.043282
v 0.177356 0.261389 0.030542
v 0.178833 0.276784 0.009035
v 0.176957 0.278633 -0.016403
v -0.000738 0.275518 -0.075378
v -0.001362 0.078380 -0.108805
v -0.001917 0.098452 -0.111677
v 0.000711 0.009613 -0.088962
v -0.000128 0.031710 -0.098445
v 0.043217 -0.086710 -0.074938
v 0.021354 -0.085179 -0.071943
v 0.020161 -0.061133 -0.075196
v -0.000930 -0.132168 -0.077142
v -0.000789 -0.110548 -0.069082
v 0.000444 -0.058909 -0.069977
v 0.000731 -0.035654 -0.074651
v 0.018833 0.054438 -0.106208
v 0.016657 0.116933 -0.114738
v -0.001694 0.133136 -0.109561
v -0.001188 0.148570 -0.106150
v -0.000974 0.164484 -0.104081
v 0.110266 0.114476 0.124764
v 0.111184 0.128719 0.116179
v 0.098471 0.129240 0.121296
v 0.098114 0.115082 0.129691
v 0.130324 0.112359 0.111297
v 0.132217 0.125732 0.103159
v 0.122394 0.127542 0.109967
v 0.120883 0.113638 0.118449
v 0.140762 0.122741 0.095671
v 0.138448 0.109608 0.103408
v 0.109652 0.099485 0.131405
v 0.120153 0.098924 0.125067
v 0.097787 0.100170 0.136062
v 0.136133 0.096417 0.109788
v 0.128880 0.098140 0.117699
v 0.003621 0.276868 0.057149
v 0.003545 0.266535 0.054308
v 0.014497 0.257944 0.053364
v 0.015240 0.247426 0.056168
v 0.017930 0.113845 0.127383
v 0.016891 0.160524 0.103691
v 0.016520 0.147134 0.113366
v 0.017252 0.176490 0.095742
v 0.016212 0.236919 0.062184
v 0.001848 0.207647 0.078522
v 0.001292 0.191165 0.088059
v 0.017003 0.130782 0.120674
v 0.002560 0.091516 0.130803
v 0.002704 0.068105 0.132720
v 0.002352 0.223126 0.069536
v 0.002862 0.045840 0.132977
v 0.166269 -0.327114 -0.051756
v 0.148116 -0.343371 -0.071183
v 0.140249 -0.330017 -0.081336
v 0.154291 -0.317688 -0.067925
v 0.163838 -0.275273 -0.049375
v 0.164534 -0.250221 -0.042650
v 0.165492 -0.223461 -0.038443
v 0.120069 -0.337717 -0.093719
v 0.092281 -0.321772 -0.109074
v 0.094539 -0.340144 -0.103270
v 0.150632 -0.225855 -0.063130
v 0.150287 -0.252085 -0.066455
v 0.146132 -0.312783 -0.076487
v 0.148478 -0.298358 -0.074358
v 0.161853 -0.298832 -0.058147
v 0.116946 -0.320764 -0.099103
v 0.135140 -0.317588 -0.086898
v 0.059003 -0.167887 -0.090380
v 0.062777 -0.186996 -0.098719
v 0.034729 -0.187300 -0.100426
v 0.139737 -0.159774 -0.052713
v 0.126749 -0.181014 -0.074344
v 0.000220 -0.320044 -0.102058
v 0.133823 -0.300353 -0.089051
v 0.090434 -0.300748 -0.113294
v 0.114932 -0.301206 -0.102424
v 0.090440 -0.228634 -0.108449
v 0.113157 -0.228489 -0.097719
v 0.112689 -0.253488 -0.102292
v 0.089919 -0.252511 -0.113383
v 0.132969 -0.227935 -0.082898
v 0.130754 -0.203229 -0.078974
v 0.089205 -0.206070 -0.101940
v 0.111121 -0.204691 -0.092451
v 0.106979 -0.182991 -0.086421
v 0.133129 -0.254128 -0.086439
v 0.089414 -0.277195 -0.115330
v 0.061082 -0.276196 -0.121269
v 0.030985 -0.274619 -0.119770
v 0.000911 -0.275809 -0.117222
v 0.000703 -0.252528 -0.117648
v 0.085917 -0.185086 -0.094196
v 0.075815 -0.147806 -0.079867
v 0.081539 -0.166073 -0.086451
v 0.064310 -0.087823 -0.073581
v 0.174299 -0.302846 -0.035565
v 0.149514 -0.276611 -0.070329
v 0.133178 -0.278853 -0.088356
v 0.113500 -0.278438 -0.103665
v 0.061577 -0.299014 -0.119344
v 0.030165 -0.296293 -0.117856
v 0.000737 -0.295837 -0.112876
v 0.018322 -0.326925 0.131005
v 0.007549 -0.321318 0.137705
v 0.014886 -0.319519 0.138468
v -0.000579 -0.308573 0.143156
v -0.000473 -0.322817 0.135866
v 0.007695 -0.333177 0.127327
v -0.000288 -0.334883 0.124781
v 0.075787 -0.208425 0.140946
v 0.097771 -0.201938 0.128237
v 0.013787 -0.219458 0.159442
v 0.032839 -0.217278 0.156413
v 0.154013 -0.177915 0.073352
v 0.053608 -0.213606 0.150558
v 0.118978 -0.194569 0.113299
v 0.138963 -0.186368 0.094732
v 0.000503 -0.206289 -0.108672
v 0.000518 -0.185118 -0.100880
v -0.004018 -0.220718 0.159333
v 0.003501 0.256234 0.052449
v 0.003276 0.245333 0.054607
v 0.002864 0.234998 0.061521
v 0.000826 -0.012569 -0.081214
v -0.001042 0.287469 -0.068923
v -0.000064 0.218656 -0.093877
v 0.081229 -0.078513 0.134113
v 0.087355 -0.036606 0.126019
v 0.084162 -0.057840 0.129970
v 0.134459 -0.013766 0.071729
v 0.000619 -0.311370 -0.106414
v -0.000624 0.179236 -0.101784
v 0.112685 0.143144 0.106053
v 0.000583 -0.228950 -0.114407
v 0.001073 0.173578 0.095626
v 0.000908 0.157689 0.103586
v 0.001269 0.144806 0.113404
v 0.001590 0.128290 0.120110
v -0.005582 -0.134967 0.164386
v -0.004868 -0.119425 0.162497
v 0.000030 -0.083202 -0.066917
v -0.005278 -0.179985 0.165995
v -0.004104 -0.102819 0.162765
v -0.000592 0.055771 -0.104868
v 0.002324 0.111244 0.126123
v -0.004785 -0.199829 0.163516
v -0.001725 0.117090 -0.112975
v -0.002671 -0.079641 0.162558
v -0.000990 -0.290165 0.147923
v 0.000774 -0.014189 0.150313
v -0.018927 0.268898 0.052717
v -0.006654 0.267467 0.054377
v -0.054140 0.256845 0.035075
v -0.050127 0.265721 0.032384
v -0.064622 0.272131 0.019241
v -0.069806 0.264913 0.021757
v -0.065644 0.236188 0.052041
v -0.087827 0.244342 0.036580
v -0.087546 0.223094 0.055457
v -0.068413 0.218160 0.062181
v -0.086642 0.204713 0.069446
v -0.069124 0.201309 0.073316
v -0.082177 0.155935 0.103981
v -0.065850 0.155083 0.107332
v -0.067100 0.170407 0.096274
v -0.083859 0.171515 0.092794
v -0.100906 0.080563 0.133409
v -0.094870 0.063065 0.131098
v -0.081747 0.067185 0.136569
v -0.089224 0.082919 0.137521
v -0.151558 0.178287 0.064917
v -0.153950 0.197942 0.057281
v -0.166085 0.188737 0.055672
v -0.161634 0.168238 0.061552
v -0.098065 0.278168 -0.010952
v -0.094366 0.263625 0.011741
v -0.085846 0.267709 0.006959
v -0.090579 0.281451 -0.013050
v -0.144945 0.091880 0.086452
v -0.140166 0.080117 0.094621
v -0.136029 0.089475 0.102415
v -0.139849 0.101145 0.095560
v -0.115931 0.004795 0.088626
v -0.117655 -0.014221 0.088487
v -0.102540 -0.014513 0.105248
v -0.101409 0.004319 0.104357
v -0.152788 0.025229 0.021767
v -0.155322 0.023516 -0.005303
v -0.153381 0.008242 -0.005996
v -0.151878 0.008251 0.021081
v -0.111177 0.154935 0.095150
v -0.097421 0.155934 0.099777
v -0.099636 0.171542 0.088919
v -0.114085 0.170862 0.084669
v -0.154514 -0.082057 0.030054
v -0.153510 -0.078535 0.004473
v -0.156877 -0.096259 0.006964
v -0.156902 -0.100323 0.033251
v -0.188753 0.255350 0.028779
v -0.187127 0.271821 0.008560
v -0.150253 0.139872 0.072713
v -0.142856 0.146970 0.079221
v -0.147847 0.161767 0.072121
v -0.155524 0.152558 0.067079
v -0.163435 0.052876 -0.008493
v -0.161575 0.054563 0.014303
v -0.164593 0.071125 0.008441
v -0.166864 0.069697 -0.011901
v -0.157622 0.039228 0.018678
v -0.159580 0.037421 -0.006392
v -0.134083 0.151067 0.084595
v -0.123466 0.153194 0.089985
v -0.126834 0.169742 0.080385
v -0.137434 0.167835 0.076328
v -0.089130 0.048088 0.124903
v -0.073250 0.053212 0.132176
v -0.150599 -0.105049 0.058676
v -0.138889 -0.110258 0.081030
v -0.137907 -0.090443 0.077821
v -0.148999 -0.086104 0.055430
v -0.084381 0.021778 0.114764
v -0.085169 0.035997 0.118103
v -0.099928 0.034621 0.108530
v -0.099625 0.020877 0.103513
v -0.123338 -0.114954 0.100543
v -0.106196 -0.119279 0.119034
v -0.104886 -0.097486 0.115370
v -0.122271 -0.094380 0.097409
v -0.085543 0.187673 0.081342
v -0.068361 0.185775 0.084951
v -0.120583 0.079542 0.120084
v -0.117493 0.062646 0.116946
v -0.106945 0.061912 0.124430
v -0.111616 0.079642 0.127332
v -0.169057 0.139618 0.042103
v -0.168573 0.154331 0.054503
v -0.179086 0.175098 0.049523
v -0.179203 0.151738 0.037006
v -0.159658 -0.114016 0.009358
v -0.159112 -0.118238 0.035886
v -0.124416 -0.136030 0.102596
v -0.107144 -0.141110 0.121100
v -0.204997 0.132418 -0.027878
v -0.202010 0.135173 -0.013429
v -0.050352 0.085220 0.140125
v -0.065625 0.093736 0.139970
v -0.071280 0.077442 0.140143
v -0.058667 0.065202 0.137952
v -0.114666 0.047446 0.108854
v -0.113306 0.035435 0.099031
v -0.102880 0.046552 0.117066
v -0.034239 0.076096 0.137059
v -0.044317 0.050537 0.132916
v -0.050495 0.183154 0.088435
v -0.049642 0.168606 0.099242
v -0.050569 0.198383 0.078463
v -0.032340 0.195724 0.083173
v -0.030688 0.211377 0.074055
v -0.049002 0.214219 0.068839
v -0.027785 0.227052 0.066532
v -0.045742 0.230454 0.060967
v -0.036749 0.251631 0.045940
v -0.033715 0.261240 0.043406
v -0.160729 0.141062 0.059108
v -0.155133 0.129780 0.063893
v -0.140151 -0.130195 0.083229
v -0.108697 0.213184 -0.100802
v -0.107873 0.195244 -0.106180
v -0.124811 0.201227 -0.099396
v -0.125669 0.218462 -0.094712
v -0.106947 0.278036 -0.009977
v -0.106574 0.264171 0.013646
v -0.184167 0.155065 -0.073364
v -0.172007 0.148720 -0.076285
v -0.175146 0.136725 -0.071343
v -0.184997 0.144992 -0.068598
v -0.150254 -0.093347 -0.017140
v -0.145962 -0.075819 -0.019728
v -0.132448 0.037462 -0.072329
v -0.144117 0.029853 -0.052023
v -0.151213 0.045548 -0.050794
v -0.141849 0.054064 -0.069354
v -0.017798 0.181396 -0.104601
v -0.017880 0.166522 -0.107055
v -0.036246 0.170263 -0.111137
v -0.035888 0.185488 -0.108210
v -0.071480 0.215284 -0.104609
v -0.070784 0.230345 -0.098768
v -0.051141 0.221006 -0.101595
v -0.052156 0.206801 -0.106162
v -0.090410 0.206227 -0.106289
v -0.090164 0.188321 -0.111406
v -0.165935 0.071812 -0.030939
v -0.161842 0.055610 -0.029709
v -0.173759 0.095177 -0.035103
v -0.173670 0.094585 -0.018983
v -0.178060 0.103320 -0.021207
v -0.178215 0.103458 -0.036110
v -0.083783 0.286214 -0.014953
v -0.082109 0.291903 -0.037151
v -0.090017 0.288248 -0.035103
v -0.048790 0.269025 -0.079660
v -0.048217 0.262720 -0.083487
v -0.060776 0.268443 -0.078343
v -0.059368 0.273581 -0.075072
v -0.041775 0.099969 -0.116122
v -0.020844 0.098636 -0.114373
v -0.020752 0.077936 -0.111718
v -0.043340 0.077670 -0.113191
v -0.183590 0.113506 -0.048875
v -0.193176 0.121424 -0.048765
v -0.190636 0.127227 -0.056896
v -0.181079 0.118883 -0.058340
v -0.173897 0.111666 -0.059284
v -0.167962 0.103643 -0.060431
v -0.171527 0.098367 -0.048535
v -0.176778 0.106654 -0.048677
v -0.149975 0.069445 -0.065787
v -0.157293 0.061638 -0.048855
v -0.162913 0.076721 -0.048234
v -0.157394 0.083672 -0.063797
v -0.017589 0.007445 -0.095365
v -0.037395 0.005367 -0.099003
v -0.038946 0.029464 -0.104316
v -0.018370 0.030999 -0.102255
v -0.114943 0.280529 -0.036870
v -0.116053 0.278712 -0.009743
v -0.106510 0.282879 -0.035211
v -0.124586 0.020644 -0.073382
v -0.138185 0.014171 -0.053501
v -0.122436 -0.089972 -0.055255
v -0.138268 -0.091370 -0.038225
v -0.133042 -0.073421 -0.040856
v -0.117373 -0.071432 -0.057857
v -0.153161 -0.111335 -0.014980
v -0.125823 -0.109314 -0.052649
v -0.141595 -0.109845 -0.036085
v -0.067135 0.298902 -0.033089
v -0.058687 0.298490 -0.048136
v -0.064584 0.292696 -0.053315
v -0.074709 0.295611 -0.036430
v -0.178658 -0.222255 -0.014830
v -0.178523 -0.249317 -0.019366
v -0.185110 -0.249945 0.009167
v -0.183549 -0.225200 0.015034
v -0.034353 0.281242 -0.071364
v -0.051085 0.286826 -0.064092
v -0.046050 0.293902 -0.058220
v -0.032031 0.289532 -0.064479
v -0.180480 -0.201154 0.016013
v -0.176148 -0.197298 -0.013058
v -0.070279 0.292726 -0.014146
v -0.077538 0.289433 -0.015330
v -0.074252 0.279840 0.002643
v -0.067034 0.285189 0.003245
v -0.059080 0.279796 0.019432
v -0.185624 -0.257618 0.039274
v -0.181392 -0.232108 0.042141
v -0.053319 0.303568 -0.041975
v -0.157374 -0.128777 -0.013853
v -0.162805 -0.131538 0.011272
v -0.123866 -0.353017 -0.088561
v -0.096219 -0.357005 -0.096591
v -0.026485 -0.340262 -0.101020
v -0.063591 -0.351467 -0.101809
v -0.033107 -0.229199 -0.115510
v -0.063113 -0.229540 -0.115358
v -0.063363 -0.207511 -0.108406
v -0.034025 -0.207059 -0.109352
v -0.130248 -0.127201 -0.052606
v -0.145873 -0.127576 -0.035593
v -0.160892 -0.136010 0.037740
v -0.088843 -0.145549 0.138098
v -0.107026 -0.162072 0.121083
v -0.088389 -0.167406 0.137401
v -0.029376 -0.155904 0.165706
v -0.051258 -0.152817 0.160467
v -0.048512 -0.175319 0.159511
v -0.027419 -0.177984 0.164589
v -0.027446 -0.289932 0.142594
v -0.013170 -0.289894 0.146418
v -0.016214 -0.267423 0.149477
v -0.032870 -0.265909 0.144817
v -0.172293 -0.239814 0.067138
v -0.153448 -0.246688 0.088813
v -0.151645 -0.227066 0.088410
v -0.168605 -0.218883 0.067730
v -0.028965 -0.314403 -0.114403
v -0.028538 -0.329818 -0.108149
v -0.062729 -0.336592 -0.111087
v -0.061970 -0.319943 -0.116240
v -0.107524 -0.109126 -0.064488
v -0.111802 -0.128083 -0.065396
v -0.088136 -0.109275 -0.072168
v -0.104264 -0.089138 -0.067451
v -0.084727 -0.088311 -0.074497
v -0.087059 0.039017 -0.099298
v -0.107249 0.028998 -0.088599
v -0.115980 0.046098 -0.089171
v -0.096469 0.058021 -0.101481
v -0.054292 0.175539 -0.114433
v -0.053237 0.191494 -0.110819
v -0.066062 -0.288896 0.124201
v -0.101329 -0.271138 0.115938
v -0.034033 -0.132580 0.164556
v -0.051868 -0.128757 0.160023
v -0.069831 -0.149446 0.151711
v -0.069751 -0.125660 0.151077
v -0.088258 -0.122739 0.136906
v -0.045957 -0.034999 0.149402
v -0.067418 -0.035314 0.139104
v -0.066645 -0.056701 0.142740
v -0.045717 -0.056792 0.153383
v -0.046295 -0.013042 0.144392
v -0.067916 -0.013510 0.134732
v -0.044218 0.028216 0.130326
v -0.066742 0.040271 0.126474
v -0.066044 0.024558 0.123957
v -0.032606 0.180201 0.092213
v -0.032073 0.165431 0.101605
v -0.176031 -0.263810 0.065546
v -0.177718 -0.209439 0.043260
v -0.152130 -0.123826 0.061119
v -0.153282 -0.142347 0.062433
v -0.143134 0.030069 0.053152
v -0.143160 0.009100 0.047865
v -0.079277 0.098632 0.137590
v -0.080354 0.086566 0.139164
v -0.127825 -0.056210 -0.043920
v -0.112477 -0.053348 -0.060408
v -0.135501 0.057948 0.091480
v -0.137999 0.045588 0.075487
v -0.126034 0.038758 0.087877
v -0.125599 0.051080 0.100375
v -0.146515 0.055879 0.066331
v -0.143021 0.067689 0.083310
v -0.148441 0.080102 0.074759
v -0.152303 0.068447 0.058478
v -0.171699 0.130686 0.026061
v -0.181023 0.139828 0.020702
v -0.045687 0.008073 0.138145
v -0.022342 0.007656 0.142908
v -0.021441 0.027346 0.135121
v -0.068809 -0.172019 0.150511
v -0.075027 -0.258949 0.128374
v -0.043623 -0.290418 0.135916
v -0.051974 -0.263053 0.137627
v -0.058153 0.001160 -0.097627
v -0.060413 0.025154 -0.102001
v -0.034789 0.199932 -0.104749
v -0.017267 0.195450 -0.101698
v -0.032446 0.226259 -0.096855
v -0.031427 0.238081 -0.092862
v -0.015496 0.232993 -0.091988
v -0.016038 0.221250 -0.095384
v -0.016571 0.287492 -0.068153
v -0.017589 0.277490 -0.074563
v -0.065014 0.101906 -0.116381
v -0.072847 0.075460 -0.110783
v -0.079716 0.274488 0.004103
v -0.136893 0.279175 -0.005608
v -0.137892 0.268752 0.019009
v -0.127440 0.267856 0.015631
v -0.125927 0.279020 -0.008481
v -0.139024 0.237931 -0.081480
v -0.137702 0.253018 -0.070065
v -0.125782 0.252013 -0.075616
v -0.126033 0.235474 -0.087347
v -0.031500 -0.252014 -0.119623
v -0.061824 -0.252901 -0.120418
v -0.039009 -0.064094 -0.082156
v -0.060023 -0.066224 -0.082230
v -0.057229 -0.045116 -0.087386
v -0.036937 -0.041937 -0.087404
v -0.096675 0.089792 -0.108806
v -0.112235 0.074108 -0.098708
v -0.031094 0.100036 0.134998
v -0.030806 0.118949 0.128168
v -0.047879 0.122752 0.128538
v -0.047903 0.105634 0.136052
v -0.143292 -0.023905 -0.030683
v -0.130733 -0.020370 -0.053602
v -0.127736 -0.038612 -0.049044
v -0.140620 -0.041944 -0.027292
v -0.151843 0.025301 -0.029686
v -0.148034 0.010081 -0.030964
v -0.157178 0.039769 -0.029457
v -0.202265 0.135398 -0.048770
v -0.204223 0.131850 -0.040036
v -0.184788 0.111280 -0.022982
v -0.181479 0.114957 -0.007146
v -0.191258 0.123486 -0.010035
v -0.194501 0.119715 -0.025105
v -0.194931 0.118970 -0.038171
v -0.185336 0.110853 -0.037276
v -0.140983 0.184855 0.067206
v -0.128853 0.187838 0.070708
v -0.129934 0.205818 0.060683
v -0.141994 0.203319 0.058620
v -0.116209 0.188226 0.074123
v -0.101648 0.188167 0.077635
v -0.103003 0.206248 0.065586
v -0.117294 0.206857 0.062813
v -0.076092 0.257198 0.027583
v -0.059688 0.249434 0.043088
v -0.041197 0.243144 0.053162
v -0.024678 0.239267 0.060043
v -0.017547 0.266597 -0.080456
v -0.016307 0.255258 -0.085149
v -0.033131 0.259011 -0.085003
v -0.037656 0.271256 -0.078670
v -0.032191 0.271623 0.044745
v -0.020084 0.258336 0.052367
v -0.118787 0.246606 0.034004
v -0.117323 0.265874 0.014128
v -0.129474 0.248544 0.033963
v -0.146795 -0.067842 0.052220
v -0.151535 -0.064478 0.026970
v -0.023287 -0.035163 0.154910
v -0.023414 -0.057122 0.159090
v -0.048693 -0.103578 0.158265
v -0.026736 -0.107819 0.163391
v -0.024559 -0.080963 0.161752
v -0.046518 -0.079471 0.156069
v -0.020009 -0.134379 0.165793
v -0.018795 -0.146799 0.166229
v -0.021380 -0.308330 0.138715
v -0.010685 -0.307984 0.142263
v -0.068096 -0.101135 0.148511
v -0.086978 -0.099478 0.133358
v -0.162499 0.129095 0.046479
v -0.164893 0.120612 0.030267
v -0.020475 0.048114 0.133029
v -0.063887 0.110307 0.135259
v -0.064143 0.125479 0.127521
v -0.079709 0.126972 0.124646
v -0.079078 0.112958 0.132664
v -0.191803 0.163632 0.030004
v -0.193020 0.179946 0.040712
v -0.157920 0.118331 0.051104
v -0.170512 0.097236 -0.000653
v -0.174873 0.106745 -0.004009
v -0.126350 0.065567 0.109471
v -0.127773 0.080224 0.112743
v -0.157390 0.059749 0.037527
v -0.160649 0.075489 0.030025
v -0.133916 0.071053 0.102037
v -0.132655 0.080808 0.106525
v -0.085642 0.005077 0.117982
v -0.021493 0.248661 0.054243
v -0.131356 0.113934 -0.097938
v -0.115198 0.102286 -0.104098
v -0.127221 0.088794 -0.093916
v -0.140949 0.102086 -0.088436
v -0.178777 -0.276693 -0.026991
v -0.187888 -0.278861 0.002020
v -0.140723 -0.149647 0.083997
v -0.124715 -0.156273 0.103040
v -0.102899 -0.248435 0.117407
v -0.188359 -0.282093 0.030264
v -0.103691 -0.077203 0.111888
v -0.121100 -0.075044 0.094401
v -0.118640 -0.034424 0.089409
v -0.133254 -0.032422 0.070333
v -0.134521 -0.052047 0.072177
v -0.119809 -0.055079 0.091694
v -0.150212 -0.028574 0.021978
v -0.150094 -0.026602 -0.005147
v -0.148504 -0.044592 -0.002316
v -0.149901 -0.046687 0.024103
v -0.149923 -0.061727 0.000998
v -0.141422 -0.059204 -0.023129
v -0.076852 -0.026235 -0.087703
v -0.095505 -0.030340 -0.078821
v -0.097173 -0.009613 -0.084289
v -0.078236 -0.004037 -0.092600
v -0.031696 -0.311358 0.131634
v -0.162531 0.140827 -0.080032
v -0.166380 0.128710 -0.074735
v -0.129479 -0.258191 0.103980
v -0.156902 -0.271747 0.089427
v -0.106661 0.244607 0.034179
v -0.176172 0.122212 0.009375
v -0.185469 0.130383 0.005051
v -0.192599 0.151788 0.016432
v -0.016588 0.208675 -0.098612
v -0.151960 0.045145 0.044374
v -0.113789 0.022153 0.090551
v -0.127925 0.025083 0.074609
v -0.165500 0.102600 0.018024
v -0.169758 0.113471 0.013575
v -0.197461 0.142002 0.001682
v -0.155798 0.082255 0.049895
v -0.017389 -0.120833 0.164160
v -0.050695 -0.131778 -0.079624
v -0.026546 -0.132407 -0.079412
v -0.028724 -0.150218 -0.085805
v -0.054576 -0.149957 -0.084564
v -0.031173 -0.168620 -0.093767
v -0.148924 -0.201470 -0.063768
v -0.165259 -0.198314 -0.040215
v -0.160399 -0.177561 -0.038359
v -0.144624 -0.179798 -0.060545
v -0.166213 -0.160998 -0.013212
v -0.154821 -0.159882 -0.036971
v -0.171398 -0.177537 -0.012607
v -0.175783 -0.181512 0.015474
v -0.170613 -0.164194 0.014071
v -0.172887 -0.189030 0.042415
v -0.167846 -0.170376 0.040926
v -0.164256 -0.198157 0.066615
v -0.149525 -0.207369 0.087840
v -0.129351 -0.236630 0.104051
v -0.104953 -0.224969 0.119605
v -0.128638 -0.216485 0.105230
v -0.058066 -0.237453 0.141070
v -0.080784 -0.232567 0.131495
v -0.019449 -0.242934 0.153165
v -0.037912 -0.240949 0.148383
v -0.104499 0.225037 0.052013
v -0.081968 0.284167 -0.055361
v -0.089825 0.280552 -0.055297
v -0.097977 0.285242 -0.034069
v -0.109715 0.230760 -0.093858
v -0.110325 0.248393 -0.082621
v -0.091333 0.240295 -0.092193
v -0.090809 0.223530 -0.099885
v -0.072699 0.275926 -0.069182
v -0.068560 0.278402 -0.068511
v -0.077605 0.271556 -0.071145
v -0.047592 0.254371 -0.087208
v -0.063623 0.262470 -0.081878
v -0.136066 0.277672 -0.031869
v -0.136325 0.267535 -0.054114
v -0.146323 0.267324 -0.049362
v -0.147905 0.277408 -0.027739
v -0.139987 0.222218 -0.088941
v -0.140364 0.206023 -0.093270
v -0.151901 0.209877 -0.088999
v -0.150637 0.224951 -0.084416
v -0.183831 0.276971 -0.015293
v -0.180163 0.270365 -0.037061
v -0.148727 0.239620 -0.076320
v -0.086698 0.108989 -0.115405
v -0.105785 0.117873 -0.111116
v -0.122369 0.126465 -0.105270
v -0.158664 0.153486 -0.084330
v -0.149170 0.145692 -0.089117
v -0.153591 0.132274 -0.084934
v -0.168966 0.160937 -0.081274
v -0.179991 0.165041 -0.077386
v -0.193138 0.204131 0.046006
v -0.190729 0.231235 0.040639
v -0.192417 0.165821 -0.070894
v -0.194656 0.158398 -0.067073
v -0.124858 0.278457 -0.035121
v -0.179842 0.258229 -0.052704
v -0.179847 0.246447 -0.063821
v -0.181850 0.233496 -0.072665
v -0.183429 0.220601 -0.078251
v -0.195686 0.224424 -0.075796
v -0.190172 0.173920 -0.074498
v -0.160425 0.277373 0.003264
v -0.160436 0.264306 0.026669
v -0.148494 0.267247 0.023190
v -0.148303 0.278768 -0.001135
v -0.199637 0.142574 -0.056851
v -0.161889 0.240931 0.041181
v -0.149727 0.245459 0.039275
v -0.187712 0.135559 -0.063331
v -0.196762 0.151602 -0.062913
v -0.159067 0.277219 -0.023090
v -0.170953 0.230150 -0.076117
v -0.168611 0.243428 -0.067439
v -0.158621 0.241389 -0.071865
v -0.160829 0.227365 -0.080259
v -0.162599 0.213071 -0.084872
v -0.172702 0.216487 -0.081181
v -0.139218 0.248611 0.036187
v -0.141405 0.226190 0.048533
v -0.130186 0.226951 0.048609
v -0.165101 0.215080 0.050622
v -0.152338 0.221521 0.049747
v -0.179443 0.207358 0.049822
v -0.118603 0.226132 0.050210
v -0.013948 0.208794 0.077019
v -0.015031 0.192773 0.086507
v -0.066893 -0.078254 0.145579
v -0.112290 -0.034794 -0.066284
v -0.114975 -0.015370 -0.071794
v -0.036564 -0.018519 -0.093515
v -0.056959 -0.022367 -0.092798
v -0.145123 -0.049126 0.049670
v -0.144340 -0.030269 0.047710
v -0.103126 -0.056958 0.109135
v -0.102958 -0.035671 0.106768
v -0.136411 -0.071452 0.074791
v -0.080731 -0.068039 -0.078372
v -0.099936 -0.069771 -0.070400
v -0.095881 -0.050311 -0.073074
v -0.077525 -0.047596 -0.082240
v -0.017285 -0.015657 -0.088681
v -0.017472 -0.038650 -0.082112
v -0.151437 -0.009739 0.021174
v -0.152009 -0.008470 -0.006293
v -0.134191 -0.002411 -0.055136
v -0.118763 0.003364 -0.073850
v -0.100942 0.010705 -0.086942
v -0.081373 0.018304 -0.095862
v -0.086673 -0.014137 0.121217
v -0.067324 0.006397 0.129590
v -0.144150 -0.010791 0.047497
v -0.023128 -0.013227 0.149426
v -0.064667 0.049449 -0.106686
v -0.040833 0.053360 -0.109467
v -0.145918 -0.006100 -0.032074
v -0.031273 0.150808 0.111122
v -0.048832 0.153572 0.109491
v -0.048256 0.138422 0.119450
v -0.030770 0.134926 0.120004
v -0.064837 0.140254 0.117905
v -0.080811 0.141107 0.114858
v -0.095468 0.141129 0.110638
v -0.130378 0.136306 0.093942
v -0.120217 0.138530 0.100006
v -0.146204 0.127965 0.079579
v -0.138954 0.133072 0.087209
v -0.151615 0.118215 0.069969
v -0.154789 0.106739 0.057425
v -0.160345 0.108757 0.035279
v -0.158008 0.095296 0.042513
v -0.152023 0.093550 0.065675
v -0.148466 0.105449 0.077748
v -0.143003 0.114621 0.087447
v -0.016491 0.070920 0.133894
v -0.014238 0.094426 0.131881
v -0.012149 0.224199 0.068456
v -0.015353 0.244086 -0.088689
v -0.031455 0.248721 -0.089234
v -0.084768 0.265299 -0.075385
v -0.098128 0.275774 -0.057949
v -0.065670 0.254356 -0.086080
v -0.048267 0.244986 -0.091577
v -0.130221 0.006864 0.070372
v -0.033806 0.213524 -0.100913
v -0.049934 0.233828 -0.096504
v -0.068803 0.243729 -0.092385
v -0.089076 0.255301 -0.082244
v -0.109499 0.267747 -0.064685
v -0.125090 0.267814 -0.058577
v -0.147056 0.253785 -0.065072
v -0.156689 0.254509 -0.060060
v -0.167145 0.256153 -0.055818
v -0.168259 0.268902 -0.040528
v -0.156901 0.267522 -0.044658
v -0.178383 0.126877 -0.065355
v -0.170418 0.118886 -0.067958
v -0.149923 0.092012 -0.077101
v -0.139400 0.077964 -0.081189
v -0.127855 0.062659 -0.085691
v -0.101212 -0.164696 -0.082428
v -0.120939 -0.162644 -0.071916
v -0.116106 -0.145617 -0.067702
v -0.096390 -0.147402 -0.076961
v -0.046690 -0.110242 -0.076594
v -0.024164 -0.110755 -0.074383
v -0.161354 -0.145332 -0.013283
v -0.166242 -0.148172 0.012733
v -0.134460 -0.144178 -0.054057
v -0.149848 -0.144239 -0.035750
v -0.163718 -0.152981 0.039287
v -0.106634 -0.182660 0.121206
v -0.086928 -0.188554 0.136528
v -0.045497 -0.196494 0.157110
v -0.025022 -0.198570 0.161831
v -0.155469 -0.160220 0.063490
v -0.066239 -0.193216 0.148698
v -0.142573 -0.168435 0.084747
v -0.125575 -0.176095 0.103710
v -0.068038 -0.109743 -0.075997
v -0.072020 -0.130341 -0.078167
v -0.092002 -0.129136 -0.073785
v -0.038822 0.119899 -0.117575
v -0.059012 0.122731 -0.119019
v -0.079598 0.127266 -0.118722
v -0.094155 0.151303 -0.116845
v -0.098395 0.133940 -0.115454
v -0.115613 0.141768 -0.109208
v -0.111065 0.158999 -0.110694
v -0.141863 0.173908 -0.094709
v -0.144142 0.159347 -0.092455
v -0.155546 0.166601 -0.087896
v -0.153825 0.180318 -0.090501
v -0.166650 0.172711 -0.085059
v -0.177118 0.177589 -0.081211
v -0.189254 0.183115 -0.077417
v -0.184820 0.207442 -0.080565
v -0.140630 0.189822 -0.095211
v -0.124839 0.183689 -0.102012
v -0.036517 0.154269 -0.113621
v -0.018154 0.150726 -0.109273
v -0.162620 0.089308 0.023615
v -0.167063 0.084676 0.003306
v -0.169780 0.082932 -0.015815
v -0.169374 0.084113 -0.032686
v -0.167294 0.088184 -0.048485
v -0.162778 0.094179 -0.062075
v -0.163473 0.110798 -0.070868
v -0.157070 0.102058 -0.073692
v -0.158572 0.120576 -0.079061
v -0.150907 0.111859 -0.083330
v -0.144126 0.123096 -0.090982
v -0.136768 0.135825 -0.096919
v -0.130716 0.150724 -0.100678
v -0.126650 0.166763 -0.102532
v -0.108465 0.177032 -0.109588
v -0.091815 0.169744 -0.115233
v -0.072296 0.181549 -0.114742
v -0.071473 0.198761 -0.109974
v -0.073713 0.163669 -0.118097
v -0.075402 0.145547 -0.119779
v -0.071118 0.286470 -0.058373
v -0.055538 0.279555 -0.070229
v -0.036838 0.137456 -0.116328
v -0.055719 0.141259 -0.119429
v -0.165183 0.185553 -0.087075
v -0.175473 0.189601 -0.083700
v -0.186726 0.193528 -0.079948
v -0.200219 0.199803 -0.078350
v -0.174397 0.202919 -0.083847
v -0.163976 0.199192 -0.087278
v -0.152680 0.194977 -0.090930
v -0.055028 0.158684 -0.117225
v -0.018656 0.134473 -0.112792
v -0.175908 0.235602 0.041828
v -0.174168 0.259741 0.028727
v -0.173819 0.274944 0.006864
v -0.171426 0.277535 -0.018473
v -0.018899 -0.061413 -0.077275
v -0.021337 -0.085205 -0.074002
v -0.042704 -0.086457 -0.077651
v -0.019552 0.054954 -0.107742
v -0.019505 0.117837 -0.115453
v -0.105146 0.112013 0.124152
v -0.093046 0.113072 0.128880
v -0.094030 0.126975 0.120543
v -0.106499 0.126087 0.115638
v -0.124962 0.109402 0.111359
v -0.115809 0.110939 0.118331
v -0.117654 0.124674 0.109692
v -0.127304 0.122716 0.103156
v -0.132955 0.106565 0.103810
v -0.135739 0.119805 0.095780
v -0.114204 0.096190 0.124953
v -0.103893 0.097260 0.131059
v -0.091867 0.098515 0.135136
v -0.130165 0.093433 0.110170
v -0.122925 0.095139 0.117723
v -0.008674 0.246875 0.055791
v -0.007603 0.257243 0.053499
v -0.013930 0.113858 0.126776
v -0.014164 0.146743 0.112073
v -0.015114 0.160484 0.102929
v -0.015341 0.176179 0.094783
v -0.010725 0.236747 0.061394
v -0.013939 0.130641 0.119952
v -0.168270 -0.327541 -0.053463
v -0.149236 -0.343536 -0.073012
v -0.155512 -0.318635 -0.069491
v -0.141202 -0.330629 -0.083053
v -0.166707 -0.250798 -0.045167
v -0.165819 -0.276601 -0.051497
v -0.167162 -0.223945 -0.041990
v -0.120672 -0.338027 -0.095933
v -0.094720 -0.340481 -0.105452
v -0.092123 -0.322266 -0.111298
v -0.151254 -0.226779 -0.065675
v -0.151191 -0.252623 -0.068484
v -0.146974 -0.313951 -0.077784
v -0.162937 -0.299783 -0.059477
v -0.149140 -0.299416 -0.075702
v -0.117111 -0.321762 -0.101259
v -0.135665 -0.318415 -0.088454
v -0.058535 -0.168263 -0.092124
v -0.034074 -0.186946 -0.101430
v -0.062055 -0.187321 -0.100205
v -0.139432 -0.160817 -0.056663
v -0.125935 -0.181947 -0.077073
v -0.134130 -0.301201 -0.090456
v -0.114562 -0.301986 -0.104193
v -0.089793 -0.301286 -0.115128
v -0.089634 -0.229685 -0.110380
v -0.088977 -0.253351 -0.115098
v -0.112316 -0.254839 -0.104281
v -0.112796 -0.229898 -0.100087
v -0.130353 -0.204087 -0.081942
v -0.132878 -0.229105 -0.085294
v -0.088430 -0.206992 -0.103817
v -0.110522 -0.205653 -0.094904
v -0.106055 -0.183910 -0.088618
v -0.133284 -0.254782 -0.088247
v -0.059853 -0.276746 -0.122442
v -0.088726 -0.277951 -0.116751
v -0.029613 -0.274904 -0.120667
v -0.085181 -0.185857 -0.096088
v -0.080623 -0.166486 -0.088564
v -0.075878 -0.148526 -0.082155
v -0.064184 -0.087541 -0.077433
v -0.177090 -0.303510 -0.037687
v -0.150549 -0.277633 -0.072065
v -0.133598 -0.279676 -0.089996
v -0.113233 -0.279623 -0.105174
v -0.060516 -0.299649 -0.120449
v -0.028801 -0.296299 -0.118161
v -0.019500 -0.327077 0.127572
v -0.016748 -0.319650 0.135455
v -0.008799 -0.321310 0.135567
v -0.008407 -0.333237 0.125113
v -0.105864 -0.203578 0.120822
v -0.084283 -0.209941 0.134497
v -0.041781 -0.217861 0.153042
v -0.022281 -0.219811 0.157410
v -0.159562 -0.178794 0.065056
v -0.062472 -0.214609 0.145482
v -0.146030 -0.187648 0.086338
v -0.127102 -0.196251 0.104684
v -0.086090 -0.077661 0.129669
v -0.086672 -0.035645 0.123849
v -0.085930 -0.056984 0.126722
v -0.132179 -0.012685 0.070005
v -0.108519 0.140314 0.105621
