626
627
628
629
634
635
680
681
716
717
718
719
769
770
771
772
773
774
775
776
777
778
779
780
784
785
786
787
788
789
790
791
792
793
1231
1232
1233
1234
1258
1259
1260
1261
1271
1281
1282
1310
1311
1314
1315
1340
1341
1342
1343
1355
1356
1357
1358
1376
1377
1378
1379
1380
1381
1382
1383
1384
1385
1386
1387
1388
1389
1390
1391
1392
1393
1394
1395
1396
1397
1398
1399
1400
1402
1403
1405
1406
1407
1408
1409
1410
1411
1412
1413
1414
1415
1416
1428
1429
1430
1431
1432
1433
1438
1439
1440
1441
1442
1443
1444
1445
1502
1505
1506
1507
1508
1509
1510
1538
1541
1542
1543
1545
1546
1547
1548
1549
1550
1551
1552
1553
1554
1555
1556
1557
1558
1559
1560
1561
1562
1563
1564
1565
1566
1567
1568
1569
1570
1571
1572
1573
1574
1575
1576
1577
1578
1579
1580
1581
1582
1583
1584
1585
1586
1587
1588
1589
1590
1591
1592
1593
1594
1595
1596
1597
1598
1599
1600
1601
1602
1603
1604
1605
1606
1608
1609
1610
1611
1612
1613
1614
1615
1616
1617
1618
1619
1620
1621
1622
1623
1624
1625
1626
1627
1628
1629
1592
1631
1632
1633
1634
1635
1636
1637
1638
1639
1640
1641
1642
1643
1644
1645
1646
1647
1648
1649
1650
1651
1652
1653
1654
1655
1656
1657
1658
1659
1660
1661
1662
1663
1664
1665
1666
1667
1668
1669
1670
1671
1672
1673
1674
1675
1676
1677
1678
1679
1680
1681
1682
1683
1684
1685
1686
1687
1688
1689
1690
1691
1692
1693
1694
1695
1696
1697
1698
1699
1542
1701
1702
1703
1704
1705
1706
1707
1708
1709
1710
1711
1712
1713
1714
1715
1716
1717
1718
1719
1720
1721
1722
1723
1724
1725
1726
1727
1728
1671
1730
1731
1733
1734
1735
1736
1737
1738
1739
1740
1741
1742
1743
1744
1745
1746
1747
1748
1749
1750
1751
1752
1761
1830
1831
1844
1845
1846
1850
1851
1854
1855
1858
1860
1865
1866
1867
1869
1870
1871
1874
1875
1876
1877
1878
1882
1883
1888
1889
1892
1900
1901
1902
1903
1904
1909
1910
1911
1912
1913
1914
1915
1916
1917
1918
1919
1920
1921
1922
1923
1924
1925
1926
1927
1928
1929
1930
1931
1932
1933
1934
1935
1936
1937
1938
1939
1940
1941
1942
1943
1944
1945
1946
1947
1948
1949
1950
1951
1952
1953
1954
1955
1956
1957
1958
1959
1960
1961
1962
1963
1964
1965
1966
1967
1968
1969
1970
1971
1972
1973
1974
1975
1976
1977
1978
1979
1980
2102
2103
2104
2105
2106
2108
2109
2110
2112
2147
2148
2206
2208
2230
2235
2241
2242
2243
2244
2286
2819
2820
2821
2822
2873
2874
2895
2896
2897
2898
2899
2900
2901
2902
2903
2945
2946
2974
2975
2976
2977
2978
2979
2980
2981
2982
2983
2984
2985
2986
2987
2988
2989
2990
2991
2993
2994
2995
2996
3002
3013
