4114
4115
4116
4117
4122
4125
4168
4171
4204
4205
4206
4207
4257
4258
4259
4260
4261
4262
4263
4264
4265
4266
4267
4268
4272
4273
4274
4275
4276
4277
4278
4279
4280
4281
4714
4715
4716
4717
4741
4742
4743
4744
4756
4763
4764
4790
4791
4794
4795
4816
4817
4818
4819
4830
4831
4832
4833
4849
4850
4851
4852
4853
4854
4855
4856
4857
4858
4859
4860
4861
4862
4863
4864
4865
4866
4867
4868
4869
4870
4871
4872
4873
4876
4877
4878
4879
4880
4881
4882
4883
4884
4885
4887
4888
4889
4901
4902
4903
4904
4905
4906
4911
4912
4913
4914
4915
4916
4917
4918
4974
4977
4978
4979
4980
4981
4982
5009
5010
5011
5012
5014
5015
5016
5017
5018
5019
5020
5021
5022
5023
5024
5026
5028
5029
5030
5031
5032
5033
5034
5035
5036
5037
5038
5039
5040
5041
5042
5043
5044
5045
5046
5047
5048
5049
5050
5051
5052
5053
5054
5055
5056
5057
5058
5059
5060
5061
5062
5063
5064
5065
5066
5067
5068
5069
5070
5071
5072
5073
5074
5075
5076
5077
5078
5079
5080
5081
5082
5083
5084
5086
5087
5088
5089
5090
5091
5092
5093
5094
5095
5096
5097
5098
5099
5100
5101
5102
5103
5104
5105
5106
5107
5108
5109
5110
5111
5112
5113
5114
5115
5116
5117
5118
5119
5120
5121
5122
5123
5124
5125
5126
5127
5128
5129
5130
5131
5132
5133
5134
5135
5136
5137
5138
5139
5140
5141
5142
5143
5144
5145
5146
5147
5148
5149
5150
5151
5152
5154
5155
5156
5157
5158
5159
5160
5161
5162
5163
5164
5165
5166
5167
5168
5169
5170
5172
5173
5174
5175
5176
5177
5178
5179
5180
5182
5183
5184
5185
5186
5187
5188
5189
5190
5191
5192
5193
5194
5195
5196
5197
5198
5199
5200
5201
5202
5203
5204
5205
5206
5207
5208
5209
5210
5211
5212
5214
5115
5216
5217
5218
5219
5220
5221
5229
5292
5293
5303
5306
5309
5311
5314
5319
5321
5327
5328
5330
5331
5332
5335
5336
5337
5338
5339
5343
5344
5349
5350
5353
5361
5362
5363
5364
5370
5371
5372
5373
5374
5375
5376
5377
5378
5379
5380
5381
5382
5383
5384
5385
5386
5388
5389
5390
5391
5392
5393
5394
5395
5396
5397
5398
5399
5400
5401
5402
5403
5404
5405
5406
5407
5408
5409
5410
5411
5412
5413
5414
5415
5416
5417
5418
5420
5421
5422
5423
5424
5425
5426
5427
5428
5429
5430
5431
5432
5433
5434
5435
5436
5437
5438
5439
5440
5563
5564
5565
5566
5567
5568
5570
5572
5573
5608
5609
5668
5669
5691
5696
5702
5703
5704
5705
5747
6280
6281
6282
6283
6334
6335
6354
6355
6356
6357
6358
6359
6360
6361
6362
6404
6405
6433
6434
6435
6436
6437
6438
6439
6441
6442
6443
6444
6445
6447
6448
6450
6451
6453
6454
6455
6471
