4114
4115
4116
4117
4122
4125
4168
4171
4204
4205
4206
4207
4257
4258
4259
4260
4261
4262
4263
4264
4265
4266
4267
4268
4272
4273
4274
4275
4276
4277
4278
4279
4280
4281
4714
4715
4716
4717
4741
4742
4743
4744
4756
4763
4764
4790
4791
4794
4795
4816
4817
4818
4819
4830
4831
4832
4833
4849
4850
4851
4852
4853
4854
4855
4856
4857
4858
4859
4860
4861
4862
4863
4864
4865
4866
4867
4868
4869
4870
4871
4872
4873
4876
4877
4878
4879
4880
4881
4882
4883
4884
4885
4887
4888
4889
4901
4902
4903
4904
4905
4906
4911
4912
4913
4914
4915
4916
4917
4918
4974
4977
4978
4979
4980
4981
4982
5009
5010
5011
5012
5014
5015
5016
5017
5018
5019
5020
5021
5022
5023
5024
5026
5028
5029
5030
5031
5032
5033
5034
5035
5036
5037
5038
5039
5040
5041
5042
5043
5044
5045
5046
5047
5048
5049
5050
5051
5052
5053
5054
5055
5056
5057
5058
5059
5060
5061
5062
5063
5064
5065
5066
5067
5068
5069
5070
5071
5072
5073
5074
5075
5076
5077
5078
5079
5080
5081
5082
5083
5084
5086
5087
5088
5089
5090
5091
5092
5093
5094
5095
5096
5097
5098
5099
5100
5101
5102
5103
5104
5105
5106
5107
5108
5109
5110
5111
5112
5113
5114
5115
5116
5117
5118
5119
5120
5121
5122
5123
5124
5125
5126
5127
5128
5129
5130
5131
5132
5133
5134
5135
5136
5137
5138
5139
5140
5141
5142
5143
5144
5145
5146
5147
5148
5149
5150
5151
5152
5154
5155
5156
5157
5158
5159
5160
5161
5162
5163
5164
5165
5166
5167
5168
5169
5170
5172
5173
5174
5175
5176
5177
5178
5179
5180
5182
5183
5184
5185
5186
5187
5188
5189
5190
5191
5192
5193
5194
5195
5196
5197
5198
5199
5200
5201
5202
5203
5204
5205
5206
5207
5208
5209
5210
5211
5212
5214
5115
5216
5217
5218
5219
5220
5221
5229
5292
5293
5303
5306
5309
5311
5314
5319
5321
5327
5328
5330
5331
5332
5335
5336
5337
5338
5339
5343
5344
5349
5350
5353
5361
5362
5363
5364
5370
5371
5372
5373
5374
5375
5376
5377
5378
5379
5380
5381
5382
5383
5384
5385
5386
5388
5389
5390
5391
5392
5393
5394
5395
5396
5397
5398
5399
5400
5401
5402
5403
5404
5405
5406
5407
5408
5409
5410
5411
5412
5413
5414
5415
5416
5417
5418
5420
5421
5422
5423
5424
5425
5426
5427
5428
5429
5430
5431
5432
5433
5434
5435
5436
5437
5438
5439
5440
5563
5564
5565
5566
5567
5568
5570
5572
5573
5608
5609
5668
5669
5691
5696
5702
5703
5704
5705
5747
6280
6281
6282
6283
6334
6335
6354
6355
6356
6357
6358
6359
6360
6361
6362
6404
6405
6433
6434
6435
6436
6437
6438
6439
6441
6442
6443
6444
6445
6447
6448
6450
6451
6453
6454
6455
6471
5442
5443
5444
5445
5446
5447
5449
5451
5452
5453
5454
5455
5456
5457
5458
5459
5460
5461
5462
5463
5464
5465
5466
5467
5468
5469
5470
5471
5472
5473
5474
5475
5476
5477
5478
5479
5480
5481
5482
5483
5484
5485
5486
5487
5488
5489
5490
5491
5492
5494
5495
5496
5497
5498
5499
5500
5501
5502
5504
5505
5506
5507
5509
5510
5512
5513
5514
5515
5516
5517
5519
5520
5521
5522
5523
5524
5525
5526
5528
5530
5531
5532
5533
5534
5535
5536
5537
5538
5539
5540
5541
5542
5543
5544
5545
5547
5548
5549
5550
5551
5552
5553
5554
5555
5556
5557
5558
5559
5560
5561
5562
5569
5571
5574
5575
5576
5577
5578
5579
5580
5581
5582
5583
5584
5585
5586
5587
5588
5589
5590
5591
5593
5594
5595
5596
5597
5598
5599
5600
5601
5602
5603
5605
5606
5607
5610
5611
5612
5613
5614
5615
5616
5617
5618
5619
5621
5622
5623
5624
5524
5626
5627
5628
5629
5630
5631
5632
5633
5634
5635
5636
5637
5638
5639
5640
5641
5642
5643
5644
5645
5646
5647
5648
5649
5651
5652
5653
5654
5655
5656
5657
5658
5659
5660
5661
5662
5663
5664
5665
5666
5667
5670
5671
5672
5673
5660
5675
5676
5677
5678
5679
5680
5681
5682
5683
5684
5685
5686
5687
5688
5689
5690
5692
5693
5694
5695
5697
5698
5699
5700
5701
5706
5707
5708
5709
5710
5711
5712
5713
5714
5715
5716
5717
5718
5719
5720
5721
5722
5723
5724
5725
5726
5727
5728
5729
5730
5731
5732
5733
5734
5735
5736
5737
5738
5739
5740
5741
5742
5743
5744
5745
5746
5749
5750
5751
5752
5753
5754
5755
5756
5757
5758
5759
5760
5762
5763
5764
5765
5766
5767
5768
5769
5770
5771
5772
5773
5774
5775
5776
5777
5778
5779
5780
5781
5782
5783
5784
5785
5786
5787
5788
5789
5790
5791
5792
5793
5794
5795
5796
5797
5798
5799
5800
5801
5802
5803
5804
5805
5806
5807
5808
5809
5810
5811
5812
5814
5815
5816
5817
5818
5819
5820
5821
5822
5823
5824
5825
5827
5828
5829
5830
5831
5832
5834
5835
5836
5837
5838
5839
5840
5842
5843
5844
5845
5846
5847
5848
5849
5851
5852
5853
5854
5856
5857
5858
5859
5860
5861
5862
5863
5865
5866
5867
5868
5869
5870
5871
5872
5874
5875
5876
5877
5878
5776
5880
5881
5882
5883
5884
5885
5887
5888
5889
5890
5891
5892
5893
5894
5895
5896
5897
5898
5899
5900
5901
5902
5903
5904
5905
5906
5907
5908
5909
5910
5911
5912
5913
5914
5915
5916
5917
5918
5919
5921
5922
5923
5924
5925
5919
5927
5928
5929
5930
5931
5932
5933
5934
5935
5936
5937
5938
5939
5940
5941
5942
5943
5944
5945
5946
5947
5948
5949
5950
5951
5952
5953
5954
5955
5956
5957
5497
5959
5960
5961
5963
5964
5965
5966
5967
5968
5970
5971
5972
5973
5975
5976
5977
5978
5979
5980
5981
5982
5983
5984
5985
5986
5987
5988
5980
5990
5991
5992
5993
5994
5996
5997
5998
5999
6000
6001
6002
6003
6004
6005
6006
6007
6008
6009
6010
6011
6012
6013
6014
6015
6016
6017
6018
6019
6020
6021
6022
6023
6024
5811
6026
6027
6029
6030
6031
6032
6033
6034
6035
6036
6037
6038
6039
6040
6041
6042
6043
6044
6045
6046
6047
6048
6049
6050
6051
5654
6053
6054
6055
6056
6057
6058
6059
6060
6061
6062
6063
6064
6065
6066
5612
6068
6069
6070
6071
6072
6073
6074
6075
6076
6079
6080
6081
6082
6083
6084
6085
6086
6087
6088
6089
6090
6091
6092
6093
6094
6095
6096
6097
6098
6099
6100
6101
6102
6103
6104
6105
6106
6107
6108
6109
6110
6111
6112
6113
6114
6115
6116
6117
6118
6119
6120
6121
6122
6123
6124
6125
6126
6127
6128
6129
6130
6131
6132
6133
6134
6135
6136
6137
6138
6139
6140
6141
6142
6143
6144
6145
6146
6147
6148
6149
6150
6151
6152
6153
6154
6155
6156
6157
6158
6159
6160
6161
6162
6163
6164
6165
6166
6167
6168
6169
6170
6171
6172
6173
6174
6175
6176
6177
6178
6179
6180
6181
6182
6183
6184
6185
6186
6187
6188
6189
6190
6191
6192
6193
6194
6195
6196
6197
6198
6199
6200
6201
6202
6203
6204
6205
6206
6207
5466
6210
6211
6212
6213
6214
6215
6216
6217
6218
6219
6220
6221
6222
6223
6224
6225
6226
6227
6228
6230
6231
6232
6233
6234
6235
6236
6237
6238
6239
