570
573
584
585
586
587
588
589
590
591
592
593
594
595
596
597
598
599
600
601
602
603
604
605
606
607
608
609
610
611
612
613
614
615
616
617
618
619
620
621
622
623
624
625
630
631
632
633
636
637
638
639
640
641
642
643
644
645
646
647
648
649
650
651
652
653
654
655
656
657
658
659
660
661
662
663
664
665
666
667
668
669
670
671
672
673
674
675
676
677
678
679
682
683
684
685
686
687
688
689
690
691
692
693
694
695
696
697
698
699
700
701
702
703
704
705
706
707
708
709
710
711
712
713
714
715
720
721
722
723
724
725
726
727
728
729
730
731
732
733
734
735
736
737
738
739
740
741
681
743
744
745
746
747
748
749
750
751
752
753
754
755
756
757
758
759
760
761
762
763
764
765
766
767
768
781
782
783
794
795
796
797
798
799
800
801
802
803
804
805
806
807
808
809
810
811
812
813
814
815
816
817
818
819
820
821
822
823
824
830
831
836
840
841
842
843
844
845
846
855
856
857
858
860
861
862
863
864
865
866
867
868
869
882
885
886
887
888
889
890
891
892
893
894
895
896
912
915
916
917
918
919
920
921
922
923
924
925
926
927
928
929
930
931
932
937
938
939
940
941
942
943
1188
1189
1190
1191
1192
1193
1194
1196
1197
1198
1199
1200
1201
1202
1203
1204
1205
1206
1211
1212
1213
1214
1215
1216
1217
1218
1219
1220
1235
1236
1237
1238
1239
1240
1241
1242
1243
1244
1245
1246
1247
1248
1249
1250
1251
1252
1253
1254
1255
1256
1257
1264
1265
1266
1267
1268
1269
1270
1272
1273
1283
1284
1285
1286
1287
1288
1289
1290
1291
1292
1294
1295
1296
1297
1298
1299
1300
1301
1302
1303
1304
1305
1306
1308
1309
1316
1317
1318
1323
1324
1325
1326
1327
1328
1329
1330
1332
1333
1334
1335
1336
1337
1338
1339
1344
1345
1346
1347
1348
1349
1350
1351
1352
931
1404
1417
1418
1419
1421
1422
1423
1424
1425
1426
1427
1434
648
1436
1446
1447
1448
1449
1450
1454
1481
1482
1483
1484
1485
1486
1487
1488
1489
1490
1491
1492
1493
1494
1495
1496
1497
1503
1504
1511
1513
1535
1536
1537
1540
1544
1753
1754
1755
1756
1757
1758
1759
1760
1762
1763
1767
1768
1769
1779
1780
1781
1782
1783
1784
1785
1786
1787
1788
1789
1790
1791
1792
1793
1794
1795
1796
1797
1798
1799
1800
1801
1802
1803
1804
1805
1806
1807
1808
1809
1810
1811
1812
1813
1814
1815
1816
1817
1818
1820
1821
1822
1823
1824
1825
1826
1827
1828
1829
1832
1833
1834
1835
1836
1837
1838
1839
1840
1841
1842
1843
1847
1848
1849
1852
1853
1856
1857
1859
1861
1862
800
1864
1868
1872
1873
1879
1880
1881
1884
1885
1886
1887
1890
1891
1893
1894
1895
1896
1897
1898
1899
2812
2813
2823
2824
2825
2826
2827
2828
2829
2830
2831
2832
2833
2834
2835
2836
2837
2839
2840
2841
2842
2843
2844
2845
2846
2847
2848
2850
2851
2852
2853
2854
2855
2856
2857
2858
2859
2860
2861
2862
2863
2864
2865
2866
2867
2868
2869
2870
2871
2875
2876
2877
2878
2879
2880
2881
2882
2883
2884
2885
2886
2887
2888
2889
2890
2891
2892
2893
2894
2904
2905
2906
2907
2908
2909
2910
2912
2914
2915
2916
2917
2918
2919
2920
2921
2922
2923
2924
2925
2926
2927
2928
2929
2930
2931
2932
2933
2934
2935
2936
2937
2938
2939
2940
2941
2942
2943
2944
2947
2948
2949
2950
2951
2952
2953
2954
2955
2956
2957
2958
2959
2960
2961
2962
2963
2964
931
2966
2967
2968
2969
2970
2971
2972
2973
2997
2998
2999
3000
3001
3003
3004
3005
3006
3007
3008
3009
3010
3011
3012
1326
3015
3016
3017
3018
1889
3020
3021
3022
3023
3024
3025
3026
3027
3028
3029
3030
3031
3032
3033
3034
3035
3036
3037
3038
3039
3040
3041
3042
3043
3044
3059
3060
3061
3062
3063
3064
3065
3066
3067
3073
3074
3075
3076
3077
3078
3079
1892
3082
3083
3084
3085
3086
3087
3090
3091
3092
3093
3094
3095
3096
3097
3098
3099
3100
3101
3102
1486
3105
3106
3107
3108
3109
3110
3111
3112
3113
3114
3115
3116
3117
3118
3119
3120
3121
3122
3123
3124
3130
3136
3137
3138
3140
3141
3142
3143
3144
3145
3146
3147
3148
3150
3151
3152
3153
3154
3155
3156
3157
3158
3159
3160
3168
3169
3171
3173
3470
3471
3476
3477
3478
3480
3481
3482
3483
3484
3495
3496
3497
3498
3500
3501
3502
3503
3504
3505
3506
3507
3508
3509
3510
3511
4058
4059
4072
4073
4074
4075
4076
4077
4078
4079
4080
4081
4082
4083
4084
4085
4086
4087
4088
4089
4090
4091
4092
4093
4094
4095
4096
4097
4098
4099
4100
4101
4102
4103
4104
4105
4106
4107
4108
4109
4110
4111
4113
4118
4119
4120
4121
4123
4124
4126
4127
4128
4129
4130
4131
4132
4133
4134
4135
648
4137
4138
4139
4140
4141
4142
4143
4144
4145
4146
4147
4148
4149
4150
4151
4152
4153
4154
4155
4156
4157
4158
4159
4160
4161
4162
4163
4164
4165
4166
4167
4169
4170
4172
4173
4174
4175
4176
4177
4178
4179
4180
4181
4182
4183
4184
4185
4186
4187
4188
4189
4190
4191
4192
4193
4194
4195
4196
4197
4198
4199
4200
4201
4202
4203
4208
4209
4210
4211
4212
4213
4214
4215
4216
4217
4218
4219
4220
4221
4222
4223
4224
4225
4226
4227
4228
4229
4230
4231
4226
4233
4234
4235
4236
4237
4238
4239
4240
4241
4242
4243
4244
4245
4246
4247
4248
4249
4250
4251
4252
4253
4254
4255
4256
4269
4270
4271
4282
4283
4284
4285
4286
4287
4288
4289
4290
4291
4292
4293
4294
4295
4296
4297
4298
4299
4300
4301
4302
4303
4304
4305
4306
4307
4308
4309
4310
4311
4312
4316
4317
4322
4326
4327
4328
4329
4330
4331
4332
4341
4343
4344
4345
4346
4347
4348
4349
4350
4351
4352
4353
4354
4355
4368
4369
4370
4371
4372
4373
4374
4375
4376
4377
4378
4379
4380
4381
4382
4398
4399
4402
4403
4404
4405
4406
4407
4408
4409
4410
4411
4412
4413
4414
4415
4416
4417
4418
4423
4424
4425
4426
4427
4428
4429
4674
4675
4676
4677
4678
4679
4680
4681
4682
4683
4684
4685
4686
4687
4688
4689
4690
4691
4692
4694
4695
4696
4697
4698
4699
4700
4701
4702
4253
4718
4719
4720
4721
4722
4723
4724
4725
4726
4727
4728
4729
4730
4731
4733
3662
4735
4736
4737
4738
4739
4740
4747
4748
4749
4750
4751
4752
4753
4754
4755
4765
4766
4767
4768
4769
4770
4771
4772
4773
4774
4775
4776
4777
4778
4779
4780
4781
4782
4783
4784
4785
4786
4788
4789
4796
4797
4798
4803
4804
4805
4808
4809
4810
4811
4812
4813
4814
4815
4820
4821
4822
4823
4824
4825
4826
4827
4828
4874
4875
4890
4891
4892
4893
4894
4895
4896
4897
4898
4899
4900
4907
4908
4909
4910
4919
4920
4921
4922
4923
4927
4953
4954
4955
4956
4957
4958
4959
4960
4961
4962
4963
4964
4965
4966
4967
4968
4969
4975
4983
4121
5006
5007
5008
5013
5222
5223
5224
5225
5226
5227
5228
5230
5234
5244
5245
5246
5248
5249
5250
5251
5252
5253
5254
5255
5256
5257
5258
5259
5260
5261
5262
5263
5264
5265
5266
5267
5268
5269
5270
5271
5272
5273
5274
5275
5276
5277
5278
5279
5280
5281
5282
5283
5284
5285
5286
1755
5288
5289
5290
5291
5295
5296
5297
5298
5299
5300
5301
5302
5304
5305
5307
5308
5310
5312
5313
5316
5317
5318
5320
5322
5323
5324
5325
5329
5333
5334
5340
5341
5342
5345
5347
5348
5351
5352
5354
5355
5356
5357
5358
5359
5360
6273
6274
6284
6285
6286
6287
6288
6289
6290
6291
6292
6293
6294
6295
1884
6297
6298
6299
6300
6301
6302
6303
6304
6305
6306
6307
6308
6309
6310
6311
6312
6313
6314
6315
6316
6317
6318
6319
6320
6321
6322
6323
6324
6325
6326
6327
6328
6329
6330
6331
6332
6333
6336
6337
6338
6339
6340
6341
6342
6343
6344
6345
6346
6347
6348
6349
6351
6352
6353
6363
6364
4963
6366
6367
6368
6369
6370
6371
6372
6374
6375
6376
6377
6378
6379
6380
6381
6382
6383
6384
6385
6386
6387
6388
6389
6390
6391
6392
6393
6394
6395
6396
6397
6398
6399
6400
6401
6402
6403
6406
6407
6408
6409
6410
6411
6412
6413
6414
6415
6416
6417
6418
6419
6420
6421
6422
6423
6424
6425
6426
6427
6428
6429
6430
6431
6432
6456
6457
6458
6459
6460
6461
6462
6463
6464
6465
6466
6467
6469
6470
6472
6473
6474
6475
6476
6477
6478
6479
6480
6481
6482
6483
6484
6485
6486
6487
6488
6489
6490
6491
6496
6497
6498
6499
6501
6502
6503
6506
6508
6509
6513
6514
6515
6516
6517
6518
6519
6520
6521
6522
6523
6524
6525
6526
6527
6528
6529
6530
6531
6532
6533
6534
6535
6536
6537
6538
6539
6540
6541
6542
6543
6544
6545
6551
6557
6558
6559
6560
6561
6562
6563
6564
6565
6566
652
6568
6569
6570
6571
6572
6573
6874
6875
6876
6878
6879
